nep4_zbl 2 Ga In 
zbl 1.25 2.5 0.7
cutoff 6 5 68 39
n_max 4 4
basis_size 8 8
l_max 4 2 1
ANN 60 0
 -2.1743169e+00
 -4.2263007e-01
  2.4544551e+00
  3.3188095e+00
  1.4452435e+00
  1.6964921e-01
  2.0013764e+00
 -1.2661922e-01
  1.3208308e+00
  1.8458574e+00
  8.9164120e-01
 -3.2499275e-01
  2.7116091e+00
 -2.5901372e+00
 -2.0587686e-01
 -3.5491970e+00
 -7.4107838e-01
 -2.0577626e+00
  5.2655166e-01
 -1.5938121e-01
  1.0944645e+00
  1.2894398e+00
 -2.7655437e+00
 -7.2419816e-01
  1.6023124e+00
 -1.8261166e+00
 -2.1456366e+00
  1.0860886e-01
  1.8852443e+00
  5.8397193e+00
 -2.4938371e+00
  2.3573695e-02
 -9.6120429e-01
 -3.9879144e-03
  1.4421942e+00
  4.4167829e+00
  2.9409111e+00
  3.9891846e+00
 -8.0546087e-01
 -1.4241351e+00
 -5.1908094e-01
  2.1878164e+00
 -7.7424634e-01
  9.2691195e-01
 -2.5333166e+00
  4.7758961e+00
 -1.3975945e+00
  7.4194962e-01
 -9.8716640e-01
  9.4296497e-01
 -4.7921619e-01
  2.1224456e+00
  4.0034109e-01
  1.0895125e+00
  8.4548575e-01
 -2.4955974e+00
  1.3996065e-01
  3.4825640e+00
 -1.6226230e+00
 -1.8746196e-01
 -3.1885715e+00
 -5.4608577e-01
  1.2635573e+00
 -1.8909273e+00
  1.6157460e+00
  2.8110788e+00
  5.5641854e-01
  1.7046703e+00
 -1.9359282e-01
 -2.3002960e-01
 -4.4192204e+00
  8.4475589e-01
  2.8095808e+00
 -4.9798803e+00
  2.5205674e+00
  1.2257876e+00
  1.7007369e+00
  2.1609087e+00
  2.3701367e+00
  2.9874899e+00
 -3.0065078e-01
  4.5956415e-01
  6.1104574e+00
  5.3421730e-01
  5.2214372e-01
  1.9326286e-01
  1.2702039e-01
 -2.2911759e-01
  2.6777632e+00
 -1.8577571e+00
  1.7776186e+00
  4.1849640e-01
  2.2556093e+00
  2.2595341e+00
 -4.4676143e-01
 -1.3846196e+00
  1.0467032e+00
  2.0377266e+00
  6.5852876e+00
  2.3807277e-01
  1.1587664e+00
 -1.6741575e-01
  1.5552405e-02
  7.9767841e-01
 -6.7751026e-01
 -5.8570150e-02
  1.0916390e-01
 -4.8237536e-02
 -2.2996411e+00
 -6.2977903e-02
  9.4290447e-01
  1.1067977e+00
  2.6876158e-01
  3.1410134e+00
  1.0426176e+00
  4.7829690e+00
  2.0030556e+00
 -2.8842154e+00
  5.2476406e-01
 -2.2566350e+00
  1.5063288e+00
 -2.6009026e+00
 -4.3961623e-01
 -4.4659634e+00
 -1.9493254e-02
  1.2156929e+00
  1.3320373e+00
  4.3676119e+00
 -7.1624023e-01
  8.2155571e+00
 -1.2534045e+00
  3.7916439e+00
  1.1543304e-01
 -6.5977806e-01
 -2.0453246e+00
  5.4076457e-01
  1.4642073e+00
  1.4924427e+00
  1.5359317e+00
 -4.4377675e+00
 -4.6432738e+00
 -4.7980266e+00
  2.2247314e+00
  5.1353160e-02
  5.1705084e+00
  7.3561513e-01
 -1.0480672e+00
 -1.7189765e-01
  3.1734359e-01
 -2.5485241e-01
  1.6060550e+00
 -4.2060618e+00
 -4.1233678e+00
 -5.5272520e-01
 -4.4780331e+00
 -2.5671391e+00
 -2.7635419e-01
  1.6761270e+00
 -4.2517677e-01
 -1.9437909e+00
 -7.9864824e-01
  2.1381068e+00
  4.3387575e+00
 -1.2111337e+00
 -2.8971088e+00
  1.3773755e+00
 -6.1428957e+00
  1.6931096e+00
  4.1907063e-01
  1.0773324e+00
  2.9028172e+00
 -3.2455101e+00
  1.1608427e+00
  5.5204207e-01
 -3.2999139e+00
 -5.8264524e-01
  5.7466221e+00
  1.0354324e-01
  1.4447013e+00
 -2.0134730e+00
  2.0241801e-01
 -2.0251188e+00
 -1.6255316e+00
  2.1820455e+00
 -3.0007644e+00
 -3.8407737e-01
 -6.4653677e-01
 -2.7744508e+00
  4.0443665e-01
  5.0036762e-02
 -2.2697442e+00
 -2.5356996e+00
 -1.1002960e+00
  1.4187883e+00
  6.8970925e-01
  1.7791300e+00
 -7.6211423e-02
 -3.0822392e+00
  1.2733482e+00
 -1.2751085e+00
  2.4729462e+00
  1.8290030e+00
  3.1857495e+00
  9.6999687e-01
  1.4355845e+00
  1.7090185e+00
 -1.5692964e+00
 -1.4443851e-01
 -2.3220240e-01
 -8.4336185e-01
 -1.3777821e+00
  3.0361972e+00
  3.7665528e-01
  1.9201583e+00
 -6.1573982e+00
 -9.5839329e+00
 -1.6600965e+00
 -3.3377886e+00
 -3.3600464e-02
 -2.8765621e+00
  5.9061193e-01
  7.2600222e-01
  5.0838864e-01
  5.1258214e-02
 -5.3801031e+00
  1.6485126e+00
 -9.0120137e-01
  5.8382547e-01
 -7.6735044e-01
 -3.4665307e-01
 -6.7568213e-01
 -9.3134934e-01
 -4.0209016e-01
 -3.6179760e-01
  8.9173037e-01
  1.1427081e+00
 -3.3866516e-01
  4.2566934e-01
  1.4751997e+00
  1.5064487e-01
 -5.5210984e-01
  4.6237034e-01
  4.8882979e-01
  2.5824573e+00
  7.3207349e-01
 -4.1836424e+00
 -1.1294502e+00
 -4.9790871e-01
  2.3383635e-01
  1.1867571e+00
  3.6144423e+00
  1.7968942e-01
 -1.9439296e-01
  3.5635240e+00
 -7.8999877e-01
  1.7053500e+00
  5.3647357e-01
 -3.5374081e-01
 -2.8512484e-01
  9.4150925e-01
  6.1046535e-01
 -8.1733221e-01
 -2.0604062e+00
 -3.0641217e+00
  3.8862679e+00
 -2.6255550e+00
 -2.8236194e+00
 -2.1104212e+00
  5.9626794e-01
 -1.3559742e+00
 -6.3775164e-01
 -1.6605896e+00
 -8.1675850e-02
 -4.0672120e-02
  1.1780870e+00
 -2.4498528e-01
  3.4329987e+00
 -2.2231374e+00
  3.1684999e+00
 -2.4463950e-01
  2.6199288e+00
  3.0393414e+00
 -4.2809782e+00
 -2.5686238e+00
 -1.1868026e-01
 -6.5167384e+00
  3.5931010e+00
 -2.4955542e+00
  3.2687581e+00
 -1.9570140e+00
 -6.9299871e-01
  1.8984846e+00
  4.9016872e-01
  9.2017964e-02
 -2.6911211e+00
 -5.7796919e-01
 -2.4393935e+00
  2.8791804e+00
  1.6607352e+00
 -6.2473029e-01
  3.3630517e+00
 -2.3896366e-01
 -3.9051085e+00
 -1.5994385e+00
  3.8670425e+00
 -2.1329794e+00
 -8.2346898e-01
 -5.2512378e-01
  2.6180463e+00
  6.6181332e-01
  1.5496550e+00
 -1.7719482e-01
  2.4321575e+00
  3.3100407e+00
 -2.0068085e-01
 -1.0449944e+00
  7.1050644e-01
 -3.5232404e-01
  3.2744007e+00
 -2.9883429e-01
 -1.2247763e+00
 -1.2525183e+00
 -3.2888911e+00
  6.0528696e-01
 -7.5525707e-01
 -7.1015269e-01
  3.1834021e-01
 -2.8868725e+00
  6.7973328e+00
 -6.2458080e-01
 -1.4066943e+00
  5.9835631e-01
  2.2226548e+00
  1.6709002e+00
  2.6838416e-01
  5.9885923e-03
 -5.9889972e-01
  2.0912588e+00
 -4.4392411e-02
 -3.0139294e+00
  3.7779373e-01
  1.0998363e+00
 -1.1765566e+00
 -5.3648274e-02
  1.7012115e+00
 -2.3744087e+00
 -3.0578387e+00
  4.2916515e-01
  2.8180723e+00
 -2.6151371e-01
 -7.4044311e-01
  3.3077422e-01
 -2.9678690e+00
 -4.2821983e-01
 -3.8302646e+00
  8.0812997e-01
  8.1862116e-01
 -1.3937522e+00
 -1.7043612e+00
 -1.9385037e+00
  1.4717686e+00
  3.9604769e+00
  2.1850502e+00
 -5.1702399e+00
  5.5788070e-01
 -1.8749100e+00
 -2.7376423e-02
 -2.1790802e-01
 -4.1693311e+00
  1.1710980e+00
  1.0036288e+00
 -3.8460833e-01
  1.9714255e+00
 -6.3544869e-01
  1.8140550e-01
 -2.9286628e+00
 -4.0409193e+00
 -7.9055429e-01
  1.4198668e+00
  2.1281652e+00
 -4.1734123e+00
 -7.4261963e-01
 -5.7276648e-01
 -3.1929593e+00
  1.2917006e+00
 -1.1628580e+00
  2.7780044e-01
  2.2071469e+00
 -2.1100137e+00
  3.3616662e+00
 -2.4200509e-01
  3.0765469e+00
 -5.7888973e-01
 -1.4320730e+00
  4.9935746e-01
 -8.7105912e-01
  5.7987869e-01
 -1.3889958e-01
  3.2227036e-01
 -3.5373443e-01
 -6.0718775e-01
  3.4378130e+00
  8.0052501e-01
 -1.9575275e+00
  5.2633309e-01
  5.6948072e-01
  3.1283264e+00
 -2.1135538e+00
  1.1312486e-01
  2.8064065e-02
 -7.6744682e-01
 -3.2985681e-01
  1.3185756e+00
 -8.4931928e-01
  2.5569224e+00
  1.5298536e+00
 -1.4219084e+00
 -1.1816965e+00
 -5.7300848e-01
 -3.9666913e+00
  3.5451715e+00
 -1.4732276e+00
 -2.5113115e+00
 -4.9515259e-01
 -1.5494773e+00
 -2.1445487e+00
 -7.4377888e-01
  4.9306157e-01
  2.7811742e+00
 -3.7981566e-02
 -9.3731320e-01
  1.8064834e-01
 -1.1524204e+00
 -2.4173064e+00
 -9.5759314e-01
 -6.1967093e-01
  1.2453532e+00
  2.4602005e-01
  2.3578844e+00
 -1.4351129e-04
  1.3063821e+00
  1.4762309e+00
 -2.8998566e-01
 -6.7865974e-01
  2.1515441e+00
 -1.1964220e+00
  9.9190700e-01
 -1.7159647e+00
 -9.7256213e-01
  4.2055875e-01
 -3.7633157e-01
  1.1316124e+00
 -9.7034621e-01
  7.6510638e-01
 -4.2164955e-01
  1.7433788e-01
 -5.4459941e-01
 -2.2984779e+00
  7.8835166e-01
 -3.6181355e+00
  4.9832989e-02
 -7.4948192e-01
 -3.2167957e+00
  3.2745120e-01
 -3.6948535e+00
 -2.5770906e-01
  5.2741408e-01
 -1.1095175e+00
  1.6381898e+00
 -1.5675610e+00
 -5.1233929e-02
  3.9817450e+00
 -2.2297738e-02
  4.5423055e-01
  8.0675036e-02
 -1.8234377e+00
  2.3872809e+00
 -2.6251978e-01
  1.7497841e+00
 -2.6877325e+00
  6.6749611e+00
 -1.1741852e+00
 -1.1779481e+00
  1.1173533e+00
 -3.6059663e+00
  1.8879357e-01
 -9.0000272e-01
  2.2742250e+00
  3.7974170e-01
  1.0714059e+00
 -2.2617743e+00
  2.6762669e+00
  1.0633037e+00
  6.2983501e-01
  3.6212773e+00
 -8.0842698e-01
  2.1734734e+00
  3.6533546e-01
  2.5191798e+00
  5.4365945e-01
  8.2865518e-01
  1.1312270e+00
  8.2038873e-01
 -2.1044328e+00
  7.9237264e-01
 -1.1367242e+00
  4.7161633e-01
  4.4911778e-01
 -1.0733943e+00
  4.7645192e+00
  1.0912188e+00
 -3.4636269e+00
 -2.3108878e+00
  1.8430017e-01
 -3.7331882e-01
 -4.3639117e-01
 -1.4431363e+00
  1.9908464e+00
 -6.9380027e-01
 -1.8774213e+00
 -2.0071092e+00
 -3.8616836e-01
 -4.1195836e+00
  1.5993381e+00
 -3.1429644e+00
 -3.9960632e+00
  6.4474535e-01
 -1.4328169e+00
 -3.6506197e+00
 -2.4558561e+00
 -5.9378260e-01
  3.0313319e-01
 -2.3917960e-01
 -8.1012386e-01
  4.1947899e+00
  1.2254988e+00
  1.6101687e+00
  9.5541567e-01
  5.1356502e+00
 -2.8196245e-01
 -2.9708643e+00
 -3.1206179e+00
  8.5225868e-01
  1.0955493e+00
 -1.4891273e+00
 -1.8474847e+00
  1.6028107e+00
  8.7606169e-02
  8.1274533e-01
 -3.1231060e+00
  6.5204263e-02
 -1.7679977e+00
  6.9771785e-01
  1.7569935e+00
  1.9189681e+00
  6.1135910e-02
 -1.5392345e-01
  1.3682771e+00
 -1.8728186e-01
  2.6623893e+00
 -6.5087086e-01
  6.9240028e-01
  1.5436954e+00
  1.0647857e+00
  3.3225932e+00
 -3.9573837e-02
  4.4054713e+00
  1.4029481e+00
 -4.8570111e-01
 -1.8483490e+00
  3.1775427e+00
  2.8564703e+00
  5.2692902e-01
 -1.1753991e+00
  8.5659349e-01
 -2.4217920e+00
  8.1176841e-01
  1.5636550e+00
  8.3717132e-01
  9.6883279e-01
  4.1830961e-02
  6.8865311e-01
  7.5900573e-01
 -1.8120880e+00
  2.7272252e-02
 -1.4728680e+00
 -5.3253498e-02
 -2.5264850e+00
  6.5778059e-01
  3.5316825e+00
  1.7981828e+00
 -1.8099441e-01
 -2.9260612e-01
 -5.7316762e-01
 -1.3635163e+00
  3.4946659e-01
  1.6818917e+00
  2.9049781e-01
 -1.0955867e+00
  1.1678945e+00
  2.8452188e-01
 -5.1302338e-01
 -4.3701496e+00
  2.4271729e+00
  1.5252512e+00
 -3.5284219e+00
 -4.5260167e+00
  4.8764563e+00
 -8.1735051e-01
 -2.6997144e+00
 -2.7327812e+00
  2.6823595e+00
  1.2448879e+00
  6.7217928e-01
  1.7824966e+00
 -3.5210070e-01
  4.5916510e+00
 -3.5100589e+00
 -1.9244900e+00
 -1.1820915e+00
 -1.2522812e+00
 -3.6438355e-01
 -9.3871854e-02
  1.9052655e-01
  1.2032539e-01
 -2.4330974e-01
 -9.1749930e-01
 -8.5387462e-01
  1.6880002e+00
 -1.0051963e+00
 -1.7965910e+00
 -7.1936369e-01
  6.6638217e+00
  1.3662206e+00
  4.6194353e+00
  1.7489016e+00
  1.4943560e+00
  4.0235391e-01
  4.2518726e-01
 -2.4431214e+00
  3.5591714e+00
 -7.1677017e+00
  6.1434846e+00
 -1.6608808e-02
  6.4940023e-01
 -2.4971452e+00
 -4.3328926e-01
 -9.4461763e-01
 -3.5824969e+00
  3.8929152e+00
  4.6175964e-02
  1.4790394e+00
 -2.0479891e+00
  8.7525345e-02
  1.5742319e+00
 -1.0323037e-01
 -4.2553410e-01
 -3.1633658e+00
 -1.5155611e+00
 -1.6484310e-01
 -1.3793730e+00
 -1.6820065e+00
  1.3453339e-01
 -2.1105127e+00
  2.4318948e+00
 -1.9281110e+00
  4.7360554e+00
 -2.8044481e+00
 -1.1367428e+00
 -2.1977835e+00
 -3.6198834e-01
  8.3813465e-01
  1.6980772e-01
  1.0824610e+00
  1.6291885e+00
 -1.8226417e+00
  1.8310030e+00
 -4.9683502e-01
 -2.0040615e+00
 -2.3182709e+00
  2.3513474e+00
  1.3417214e+00
  2.4353821e+00
  1.0990024e+00
 -3.7917212e-01
 -5.8286494e-01
  1.2161210e+00
  1.5094903e+00
  1.4813484e+00
  1.0543137e+00
  4.7104818e-01
  4.4414362e-01
 -9.4210052e-01
 -2.0302869e-01
 -2.4955925e-01
 -2.2282088e+00
  1.0047410e+00
  7.4503112e-01
 -3.0288224e+00
  8.3718312e-01
 -4.7343230e+00
 -1.6369585e+00
  1.1359662e+00
  7.2186220e-01
  4.0473223e-01
  8.6797822e-01
  7.7826512e-01
 -1.8008628e+00
  3.4481900e+00
  1.2977481e+00
 -2.2756133e+00
  1.4220721e+00
 -3.3338528e+00
 -1.6178887e-01
  3.2514927e+00
 -1.5323416e+00
  4.6106979e-01
 -1.5249372e+00
 -5.5490124e-01
  1.2242256e+00
 -4.8850712e-01
  8.6980027e-01
 -3.0808573e+00
 -4.6560165e-01
  1.3526920e+00
 -2.6513090e+00
  9.6294332e-01
  1.0071781e+00
  2.5611535e-01
  4.0516612e-01
 -5.0684786e+00
 -5.3487601e+00
 -3.3779189e-01
  2.3164470e+00
  2.2601591e-01
 -2.0715711e+00
 -2.9898253e-01
  6.3963497e-01
 -2.2575116e+00
 -9.4485289e-01
  3.3843003e-02
 -3.1664693e+00
 -2.1044874e+00
 -1.1006691e+00
  1.8307029e+00
 -7.3897082e-01
  1.4630346e+00
 -1.2699484e+00
  2.6788673e+00
  1.6647322e-01
  8.7018043e-01
 -5.3434649e+00
  5.9297282e-01
 -6.8685895e-01
 -1.0356165e+00
 -1.0702292e+00
  3.0081551e+00
 -3.4576184e-01
  8.0683574e-02
 -4.7910365e-01
 -2.5053623e+00
 -1.8021500e+00
 -6.1040306e-01
  1.3329101e+00
  3.1730847e+00
 -8.7607324e-02
  3.9836824e-02
  1.2274554e+00
  5.9671292e+00
 -3.2738674e+00
 -1.5966408e+00
 -1.3656934e+00
 -2.8611012e+00
 -5.1013541e-01
  2.3187866e+00
 -2.5650153e-01
 -1.8834584e+00
  1.3955779e+00
 -1.5506924e+00
  5.0063127e-01
  2.9326429e+00
  5.8147836e-01
  3.6136928e+00
  1.8966928e+00
  3.0127175e-02
 -8.4350157e-01
 -1.0081480e+00
 -2.2359676e+00
  1.0404521e+00
  2.7838308e-01
 -1.7284861e-01
 -1.4994683e+00
  3.9778167e-01
  2.2221534e+00
 -2.9805723e-01
 -4.9775729e-01
 -1.7856276e+00
  1.1490541e+00
  1.1909240e+00
 -1.6143186e+00
 -5.3851330e-01
  2.3739111e+00
  5.9547287e-01
  1.6545438e+00
  1.7683318e+00
  5.2452421e-01
 -3.6914207e-02
  1.4584523e+00
 -4.6854179e-02
  5.9667072e+00
 -2.7588375e+00
 -8.3920127e-01
  3.4233918e+00
  2.3633334e-01
 -3.5928779e+00
 -1.3257983e-01
 -5.5376303e-01
  1.8903838e+00
 -2.1455042e+00
 -4.3849602e-01
 -1.7223424e+00
 -1.5440423e+00
  8.4472716e-01
 -3.8555305e+00
 -2.5072151e-01
 -1.2733231e+00
  1.9852912e+00
 -2.2354639e-01
  5.7544750e-01
  1.4608576e+00
 -3.8701496e-01
  1.3722528e+00
 -1.6591685e+00
  4.5300043e-01
 -6.6161029e-02
 -1.5412976e+00
  5.9803265e-01
  1.4154115e+00
 -1.3806789e-01
 -5.9966296e-01
 -3.4800541e-01
 -6.3352126e-01
  4.8113841e-01
  3.0971000e-01
 -5.3489745e-01
  1.1031399e+01
  2.5712414e+00
  3.0392828e+00
  3.7233539e+00
 -4.7951179e+00
  2.0107269e+00
 -6.8942957e+00
  4.2613044e+00
  3.1515069e+00
  2.4899287e+00
 -3.4258878e-01
 -7.0646920e+00
  4.0181160e+00
 -8.2221061e-01
  2.8522565e+00
 -2.3561206e+00
 -4.8811460e+00
  2.6599987e+00
 -3.5716488e+00
 -6.2353450e-01
  2.4927144e+00
 -1.4733888e+00
  3.3663094e+00
  2.2162104e+00
 -1.4971902e+00
  9.2262290e-02
  3.9221961e+00
  2.3141096e+00
 -9.0017241e-01
 -5.3707743e-01
 -5.4249558e+00
 -4.2229567e+00
  2.4064147e+00
 -1.6432041e+00
 -3.5011271e-01
 -1.0955647e+00
 -1.4033405e+00
 -5.7425874e-01
 -1.2476898e+00
  3.9356408e-01
 -4.0913588e-01
 -2.1885049e+00
 -2.3248060e+00
 -1.9206294e+00
 -4.4219604e-01
 -2.4991808e+00
 -9.9631891e-02
 -4.5778275e-01
  5.2095002e-01
  2.7430220e+00
 -2.1320124e+00
  9.5686466e-02
  1.4499117e+00
  6.2138838e-01
  4.1662183e+00
 -8.0940610e-01
 -4.2444584e-01
  2.5324125e+00
 -5.9353247e+00
  9.2999268e-01
  7.1318239e-01
  1.4229802e+00
  3.1037810e-01
 -6.9432922e-02
 -3.1158209e+00
  3.1335454e+00
  1.6614689e-01
  5.9361315e-01
 -7.6330125e-01
  9.3062240e-01
 -5.7493477e+00
  1.9962458e-02
 -4.5695081e-01
 -2.4815419e+00
  2.5567191e+00
  2.4141226e+00
  2.3512332e+00
  2.5459856e-01
 -3.8115597e+00
  3.3176720e+00
 -5.3670895e-01
  1.9943734e+00
  8.1782383e-01
  1.7477227e+00
  3.1686227e+00
 -1.4241585e+00
 -5.3756946e-01
 -2.3595645e+00
 -1.1158249e+00
  2.7771899e-01
 -1.2285397e+00
 -2.2155933e+00
  2.2787796e-01
 -2.3705716e+00
  3.1454895e+00
 -2.0007792e+00
  2.2709622e+00
 -8.8158435e-01
 -1.5045340e+00
  1.6984596e+00
 -2.3905604e+00
 -6.1738443e-01
 -1.1009613e-01
 -1.3969846e+00
 -9.4310008e-02
 -1.1315588e+00
  2.7326376e+00
  4.4538242e-01
  9.3651313e-01
  1.0945874e+00
 -7.5603080e-01
 -2.1226318e+00
 -1.6629559e+00
  1.9935092e+00
  3.5018486e-01
 -3.8506231e+00
  4.7828108e-01
  1.3880913e-01
 -2.1776638e+00
  2.7276216e+00
 -2.1237148e-01
  3.8282375e+00
 -6.7447120e-01
 -1.2829865e+00
 -6.4948750e-01
  1.1554285e+00
 -3.5236192e-01
 -1.4731641e+00
  5.3926687e+00
  3.1796634e-01
 -2.0697799e+00
  1.8761785e+00
  2.0057431e-01
 -1.3608378e+00
  3.7274227e+00
  7.7480157e-03
  9.5471799e-01
 -1.7272592e-01
 -7.4959081e-01
  1.2601687e-01
 -2.1753426e+00
 -1.7237451e+00
  3.7338214e+00
 -2.0596869e+00
  8.0322975e-01
  1.1328725e+00
 -5.8938460e+00
  4.8834720e+00
  2.0120881e-01
  4.5954663e-01
  4.4341236e-01
 -1.6596280e+00
 -2.8728538e+00
 -6.7752558e-01
 -1.9660634e+00
  2.5933781e+00
  4.9016647e-02
  6.6810280e-01
 -2.9113586e+00
  2.0575740e+00
 -8.3436692e-01
 -3.1534262e+00
  2.2074258e-01
 -1.4078346e+00
 -1.1792221e+00
  1.5048140e-01
  2.3635745e+00
  2.9705794e+00
 -2.0206591e-02
 -3.8390856e+00
 -9.1351539e-01
 -1.3026859e+00
 -2.1792479e+00
 -4.3605647e+00
 -1.7318906e-01
  4.0863290e+00
 -9.3366755e-03
  2.7291021e-01
 -7.9777449e-01
 -2.1359875e+00
 -3.3646904e-02
 -1.4766877e+00
  3.8430539e-01
  4.7152990e-01
 -1.7765863e+00
  4.1877520e-01
 -1.9004083e+00
  1.3677965e+00
  4.1864935e-01
 -1.5252935e+00
 -2.8530827e-01
  2.9933190e-01
  5.0738468e+00
 -8.4329945e-01
  1.7791858e+00
  2.9251723e+00
 -2.5234916e+00
  2.4562657e+00
 -1.0621252e+00
 -2.5681355e+00
  2.3729110e-01
  7.9699266e-01
 -3.1463356e+00
 -2.3362858e+00
  8.4105426e-01
  3.3560667e+00
 -4.9439671e+01
 -1.2648470e+00
 -5.9548950e-01
  3.2763960e+00
 -1.5791733e+00
  4.6934298e-01
  1.5293868e+00
  3.6552503e+00
  9.6423906e-01
 -1.0137471e+00
 -1.5885218e+00
  2.7245221e+00
  3.2376204e+00
 -2.2854445e+00
 -7.1319997e-01
  9.6909839e-01
  7.4644065e-01
  3.3614928e-01
  1.4018309e+00
  5.5351084e-01
 -2.4317147e-02
 -1.5768431e+00
  1.8575895e+00
 -3.7222525e-01
 -4.2532172e+00
  2.2189636e+00
 -1.0660660e+00
 -2.7163365e+00
 -2.6164162e+00
 -1.8159725e-02
 -4.3360386e+00
  9.3227893e-01
  9.4534683e-01
  2.0965254e+00
 -4.2103095e+00
 -3.2369449e+00
  3.5076425e+00
  4.0365434e+00
  5.0845367e-01
  7.2760510e-01
  5.5246718e-02
  2.0379887e+00
 -6.9670236e-01
 -1.5920848e+00
 -3.2021648e-01
  9.9186045e-01
  4.0350726e-01
  2.4241379e-01
 -2.8807313e+00
 -1.1631210e+00
 -2.9783180e+00
 -1.3772999e+00
  7.9494041e-01
 -7.7800018e-01
 -5.4022181e-01
  3.6945617e-01
 -2.4955556e-01
 -6.9479115e-02
  8.2090062e-01
 -2.1738791e+00
 -4.8137558e-01
 -5.3867871e-01
  6.0701829e-01
  8.7243897e-01
 -1.4023354e+00
  7.4724960e-01
 -2.6090910e+00
  7.8655654e-01
  1.7115435e-01
  1.0354564e+00
 -1.0599780e-02
  4.2652416e-01
 -2.2658746e+00
 -1.3014270e+00
  6.9835895e-01
 -3.3370481e+00
  1.6584817e+00
 -1.0873543e+00
  2.4160607e+00
 -5.4096270e-01
  2.0466056e+00
 -1.4274969e+00
  3.0634527e+00
 -2.0593309e+00
  1.4271806e+00
  2.2844713e+00
  5.4953641e-01
 -2.0948064e+00
  1.2161847e+00
 -1.9144737e+00
 -5.2254758e+00
  2.5786879e+00
  2.7945263e+00
  2.1293299e+00
  1.5576047e+00
 -5.2902937e+00
  4.8189263e+00
  9.4074363e-01
  6.1818665e-01
 -2.9491301e+00
  8.3538008e-01
  1.2389009e+00
 -9.2519200e-01
 -4.1080465e+00
 -7.2955239e-01
  3.4751372e+00
  5.3662759e-01
  1.8918221e+00
  9.3123841e-01
 -2.9243121e+00
 -2.5860889e+00
 -4.5889476e-01
  2.9278362e-01
 -2.9522119e+00
 -2.3527037e-01
 -2.0745076e-01
  8.4553033e-01
  1.1475598e+00
 -2.5662169e-01
 -2.7465091e+00
 -3.3786783e-01
 -4.4129305e+00
 -2.1878438e+00
 -2.1244442e+00
  4.1949481e-02
 -4.0738497e+00
 -1.1735423e+00
 -3.5176337e-02
  6.4699852e-01
 -2.1189156e+00
 -8.4958589e-01
  1.8383273e+00
 -1.0800967e+00
  5.2111667e-01
  2.0960560e+00
 -5.0495762e-01
  7.1335310e-01
 -2.1456277e+00
 -6.2345195e-01
 -7.9892349e-01
 -1.3311696e+00
  4.8850200e-01
  1.4801744e+00
 -1.2366564e+00
 -2.4094005e+00
 -3.0829933e+00
 -2.3019674e+00
 -6.1685407e-01
  4.4375214e-01
 -5.8549109e+00
  8.9012611e-01
 -1.1711502e+00
  4.0185668e-02
 -2.5758960e+00
 -1.7538427e+00
  9.2872977e-01
 -1.5371281e+00
  2.0813537e+00
 -1.1285367e+00
 -7.7959824e-01
  2.7593750e-01
  7.6432043e-01
  2.2649071e+00
  1.2046100e+00
 -7.3822224e-01
  1.4353817e+00
  1.6909981e+00
  5.5688753e+00
  2.9961386e+00
 -1.6978282e+00
 -2.0610876e+00
  8.8816184e-01
  1.2125777e-01
 -3.5404918e+00
  3.9248426e+00
  2.8208401e+00
 -4.6564293e+00
  2.4249477e+00
 -2.4067881e+00
  6.0448742e-01
 -1.4695610e+00
  1.2178989e-01
 -1.8430548e+00
 -3.1702694e-01
  5.4091245e-01
 -3.0287269e-01
 -2.4260051e+00
  1.0196030e-01
  1.0334597e+00
  1.2618189e-01
  2.1903260e+00
 -1.4853091e+00
 -1.0621898e+00
 -2.0251200e+00
  2.8504450e+00
  2.1280808e+00
 -3.5650520e+00
  8.5561872e-01
  1.4292555e+00
  3.9263172e+00
 -9.7061688e-01
  1.4900495e-01
 -1.4242707e+00
  3.3839240e+00
 -4.7983396e-01
 -4.2090693e-01
 -2.2286460e+00
 -1.3354042e-01
 -1.6267487e+00
 -5.6758255e-01
  1.7822750e-01
 -7.5747132e-01
  3.4076862e+00
  3.4196106e-01
 -1.0350721e+00
 -1.3846897e+00
  6.5858370e-01
  6.2578362e-01
  1.2655872e+00
  6.3790083e-01
 -1.9726250e+00
  3.2955435e-01
 -4.9919052e+00
 -2.3475254e+00
  6.5462008e+00
  7.6027961e+00
 -2.9631555e+00
 -2.8574519e+00
 -3.3808994e+00
  2.6470916e+00
  1.5807527e+00
 -6.0516405e-01
  1.0881869e+00
 -3.1936473e-01
  3.3975333e-01
  2.3564206e-01
  1.3674549e+00
  1.4035161e+00
 -3.3493188e-01
 -8.0075997e-01
  4.5355934e-01
 -1.3165452e+00
 -1.6406671e+00
  9.2566019e-01
 -2.2615798e+00
  3.5702882e+00
  2.6696816e-01
  1.5802276e+00
  1.7474978e+00
  1.3087993e+00
  1.6587993e-02
 -2.5902052e+00
 -1.8489782e+00
  1.8496562e+00
  8.7810421e-01
  1.2047997e+00
  2.7678582e-01
  6.3269725e+00
 -9.7042590e-01
  6.0235202e-01
 -1.2576946e+00
  1.5782680e-01
  9.5977813e-01
 -2.4923241e+00
  2.6016971e-01
 -4.5847934e-01
 -1.7601305e+00
  2.3126202e-02
 -9.6445030e-01
 -1.6444877e+00
  1.9699064e+00
  1.9012423e+00
  1.1499897e+00
 -3.7508136e-01
  2.4003537e+00
  7.8080148e-01
  2.0847821e+00
 -1.3739765e+00
  9.3583727e-01
  3.3971101e-01
  2.7951124e+00
  9.7935808e-01
  2.7500816e-02
 -3.4407613e-01
 -1.7522454e-01
 -3.4887416e+00
  2.1868253e+00
  2.6932466e+00
 -3.1331780e+00
  6.2757760e-02
  2.2483516e+00
 -3.6223176e-01
  1.2296747e+00
 -9.6520090e-01
  1.9007223e+00
 -6.0401492e+00
 -3.2679942e+00
 -5.3911847e-01
  1.8009840e+00
  2.5529404e+00
 -2.6680281e+00
 -1.8991282e+00
  3.7619896e+00
 -1.0686805e+00
  1.8469693e-01
 -7.2557020e-01
  2.1395624e+00
  1.8050302e+00
 -1.6996025e+00
 -2.6210244e-03
  2.6978210e-01
  2.2471755e+00
  2.4305947e+00
 -5.4093778e-01
 -5.5892205e-01
 -2.9031178e-01
 -1.6767204e+00
 -1.2048930e+00
 -3.2492086e-01
 -2.6990491e-01
  5.6191915e-01
  5.2289207e-02
  1.0313889e+00
 -1.5718397e+00
 -4.6568842e+00
 -1.1554122e+00
 -9.5127517e-01
  2.4098785e+00
  1.1029932e-01
 -7.2407705e-01
 -7.2339630e-01
 -2.2101033e+00
  3.7745824e+00
 -4.2953875e-02
  1.3565938e-01
  1.5429219e+00
 -2.0527036e+00
 -2.8489480e+00
 -1.1863614e+00
 -2.0476918e+00
  3.9095089e-01
 -1.5881135e+00
 -1.2952946e+00
  2.6407187e+00
  1.7985871e+00
 -2.4742413e+00
  3.5624816e+00
 -1.4072365e+00
 -3.5899847e+00
  2.0750721e-01
  2.1546485e-01
  4.7748211e-01
  3.4396863e+00
  9.2011201e-01
  2.6129737e+00
 -3.2204628e-01
 -1.3299870e+00
  1.2500831e+00
  3.7996747e+00
  1.3141702e+00
  1.6097046e+00
  8.7529880e-01
 -2.0810113e+00
  3.8712454e-01
  5.0471342e-01
 -1.3140811e+00
  3.6370342e+00
  7.5314178e+00
 -8.2600230e-01
  2.5179815e+00
  1.6878338e+00
 -3.4316998e+00
 -4.1947088e+00
  7.9122789e-02
  1.3107544e+00
 -2.7729833e-01
 -4.2982802e+00
  5.6222105e+00
 -1.7301991e+00
  4.9533460e-01
 -5.6483060e-01
  1.3433278e+00
 -5.9554515e+00
 -2.4657509e+00
 -3.7597200e-01
  4.6030611e-01
  7.8622812e-01
  2.3038926e+00
 -6.4062405e-01
  3.1974227e-03
 -3.0364323e+00
 -1.6156800e+00
  4.3402460e-01
  5.9554229e+00
 -3.8990560e-01
 -7.5467110e+00
 -1.6694928e+00
 -2.5277385e-02
 -2.9981244e-02
 -2.1294451e+00
 -2.7931664e+00
  8.2195175e-01
 -1.7356532e-02
 -5.9754729e-01
 -1.4474323e+00
 -2.0507958e-02
 -4.5343981e+00
 -1.9338068e+00
  1.3427402e+00
 -9.8103887e-01
 -1.4745426e-01
 -6.5929049e-01
 -3.3018523e-01
 -8.5174054e-01
 -3.9635708e+00
 -4.6570289e-01
  1.0807761e-01
 -4.9628876e-04
  2.9991221e-01
 -4.0815276e-01
 -1.9897362e+00
  2.9943457e+00
  2.1336265e+00
  2.7621098e+00
  5.2725160e-01
  6.7753351e-01
  2.0051670e+00
 -6.7801142e-01
 -1.4617870e+00
 -7.1442175e+00
 -6.7238629e-02
 -3.4326720e-01
 -5.2994374e-02
 -1.4147846e+00
  1.8311758e+00
 -5.4241028e+00
  8.5558587e-01
 -1.9709755e-01
  4.0886030e-01
  2.7931535e+00
 -2.6079426e+00
  5.5097336e-01
  2.6641271e+00
  5.1887965e-01
 -1.5349743e+00
  2.1552858e+00
  3.8708925e+00
  2.6126978e-01
 -3.6773381e-01
  5.3344142e-01
  9.0475159e+00
 -8.9148432e-01
  3.7742668e-01
 -3.1202610e+00
 -7.2105847e-02
  3.4565845e+00
 -4.6341510e+00
 -3.2829767e-01
  1.6476315e-01
 -1.2127959e+00
 -7.6647019e-01
  3.8034148e+00
  2.6420319e-01
  2.8791122e+00
  1.2785804e+00
  1.9418083e+00
  2.3086684e+00
 -5.2830309e-01
  4.8210436e-01
  1.2159729e+00
  5.4627762e+00
  2.9789481e+00
 -7.6342732e-01
  3.0444172e-01
  1.2353100e+00
  1.2080252e+00
  8.4286220e-02
  4.3573489e+00
  5.7678151e-01
  2.3592708e-01
  1.8819176e+00
 -9.5644265e-01
  1.5906070e+00
 -9.0790075e-01
 -2.4385279e-01
 -2.4659786e+00
 -2.2872903e+00
 -1.8709252e+00
 -2.0222758e-01
  1.2222129e+00
  3.6782983e-01
  9.5362115e-01
 -1.2263649e+00
  3.6186919e+00
  1.3051053e+00
 -1.7039504e+00
 -2.4177740e+00
  4.4212484e+00
  3.7295771e+00
  1.8012440e+00
  1.5393332e-01
 -1.7914422e+00
 -2.2585602e+00
 -1.7321907e-01
  4.6296984e-01
 -1.3459787e-01
  2.3642254e+00
  2.1820552e+00
 -1.0053234e+00
 -1.6650895e+00
 -1.0132961e+00
  1.3842744e-01
  2.2546163e+00
 -1.0065211e+00
 -4.0468278e+00
 -3.9740574e+00
 -1.1272708e-01
 -3.0476325e+00
  8.8498201e+00
 -3.1394082e-01
  5.4554009e-01
 -9.9736643e-01
 -6.6551161e-01
  6.0575676e-01
  1.3817837e+00
 -2.7956898e+00
 -3.8983037e+00
  3.0949168e+00
  3.9455545e-01
 -5.5813569e-01
 -1.5294987e+00
  1.2665935e+00
 -1.1362303e+00
 -2.0982957e+00
 -1.8630185e+00
 -1.4526085e+00
  2.6396663e+00
 -6.5394735e-01
  2.2263031e+00
  3.8101146e-01
  8.1149626e-01
  5.7165372e-01
  8.0838102e-01
 -1.2955142e+00
 -5.7120210e-01
  3.0890501e+00
 -2.5998132e+00
 -7.1972065e+00
  8.3846015e-01
  9.8021436e-01
  1.8635167e+00
  3.9981192e-01
  2.5161535e-01
  9.2840683e-01
 -2.5398171e-01
  4.2566654e-01
 -5.5608290e-01
  5.5561523e+00
 -3.0902824e+00
 -1.5575133e-01
  1.0190653e-01
  1.2458961e+00
  2.6407865e-01
  2.9213285e-01
  2.3838127e+00
  3.1012025e-01
  1.5482697e+00
  1.1302063e-01
  1.5223856e+00
 -3.2696805e+00
  7.2428375e-01
 -4.4240764e-01
  2.8772004e+00
 -2.3400476e+00
 -1.9114774e-01
 -3.5769334e+00
  2.6094563e+00
 -2.0242459e-01
 -1.0755970e+00
  5.9998971e-01
  1.3858018e+00
  1.0082394e+00
  1.1656613e+00
 -2.4274843e+00
 -1.2772686e+00
 -8.9471710e-01
  3.3729453e-02
  1.7406386e+00
 -3.8378830e+00
  1.4598303e+00
  3.6604207e+00
 -3.1817851e+00
 -6.4150624e-02
  3.4121518e+00
  1.4859149e-01
  1.8746853e+00
  4.5990160e-01
  2.0262730e+00
  1.0489696e-01
 -1.2526499e+00
 -7.2064137e-01
  4.5698264e-01
 -2.9127488e+00
  3.6680143e+00
  2.7495313e+00
 -5.4963317e+00
  1.4943857e+00
  2.7225819e+00
 -1.6390960e-01
  1.4178609e+00
 -1.9489324e+00
  2.3768082e+00
 -3.4683948e+00
  1.2714269e+00
  2.8886869e+00
  2.8661680e+00
 -3.5650518e-02
  3.1906569e+00
  1.0858936e+00
 -7.1743917e-01
 -5.7736951e-01
  6.5718853e-01
 -1.1720730e-01
 -4.8567545e-01
 -9.7395726e-02
 -2.9773441e-01
 -2.2258763e+00
  2.2666140e+00
 -8.7281549e-01
  8.0534434e-01
 -5.0187969e+00
 -6.3290248e+00
  6.3281548e-01
 -6.4383979e+00
 -2.1551092e+00
  1.4224323e+00
 -1.5657785e+00
  8.3438337e-01
 -1.0498998e+00
  5.4689658e-01
 -1.6230849e+00
  5.1620233e-01
  8.4552544e-01
  5.1029027e-01
 -4.6136156e-01
 -1.8445562e+00
  8.4973648e-02
 -1.1072321e+00
 -1.7908071e+00
 -1.6348867e+00
  1.5370702e+00
  3.8317809e-01
  1.6590691e+00
  1.1510764e+00
 -2.8935638e-01
 -1.4825413e-01
  2.1515265e+00
 -1.6858940e+00
  1.9674565e+00
 -1.5469784e+00
 -5.0705485e+00
 -3.0304849e+00
  1.3271340e+00
 -7.2757113e-01
 -2.0926194e+00
 -1.0134175e+00
  3.7187073e+00
 -3.1116474e-01
 -1.3990978e+00
 -1.0504255e+00
 -2.9891607e-01
  3.1635716e+00
  1.4332671e+00
  8.7049443e-01
  2.9844224e+00
 -1.1690145e+00
  1.3133304e-01
 -7.3951000e-01
  2.3557572e+00
 -1.0148383e+00
  1.1015195e+00
 -1.2644633e+00
  1.7722225e+00
  8.6619639e-01
  5.4457235e-01
 -1.1614043e+00
  2.4559984e+00
  7.1814138e-01
  6.2788849e+00
  1.8964121e+00
 -6.8185663e-01
 -2.4980226e+00
 -2.9302815e-01
 -8.4398335e-01
  7.3208697e-02
  1.1015491e+00
 -2.5057287e+00
  1.0255123e+00
 -2.6827595e+00
 -8.8868837e+00
  3.6999870e+01
  7.7782929e-01
 -4.1738801e+00
 -8.3755159e+00
  5.1876247e-01
 -6.7050153e-01
 -7.5214702e-01
 -1.1398048e+00
  5.5202174e-01
  2.0245390e+00
  1.4705281e+00
  6.0883141e-01
  5.7854033e-01
 -2.1474420e-01
 -1.0337392e+00
 -1.9499528e+00
  4.1513957e-02
 -5.4215842e-01
 -2.5478623e+00
  3.1179911e-01
 -6.0992074e-01
  1.0191886e+00
  4.9610558e-01
  3.7369978e-01
  1.6291597e+00
 -2.0943987e+00
 -2.7206569e+00
 -1.1330963e+00
 -2.4269430e-01
  1.1421407e+00
  4.0854030e+00
 -1.3059326e+00
  3.3223334e-01
 -2.4014537e+00
 -1.7650501e-01
 -4.5502758e+00
 -3.3283646e+00
  9.7815281e-01
  1.1500291e+00
 -5.9877408e-01
  5.9785283e-01
  2.0341229e+00
  8.3903325e-01
 -2.8783724e-01
  2.5104606e+00
  2.9695659e+00
  3.3596001e+00
 -7.8448725e-01
  8.7762523e-01
  2.0736089e+00
  1.1740117e+00
 -1.0308546e-01
 -2.3381622e+00
 -1.3135835e+00
 -3.8819242e-01
 -6.4980638e-01
  3.0425229e+00
  1.4609634e+00
  2.7868347e-02
  5.9819907e-01
 -4.4390625e-01
 -1.2334279e-01
 -1.4533774e+00
  4.8143816e+00
 -3.6813596e-01
  1.4721626e+00
  1.7263708e+00
 -1.7147337e+00
  3.7778554e+00
 -2.7291451e+00
 -2.3007202e+00
 -6.2326827e+00
 -3.9673769e-01
 -1.8035205e-02
  8.1701916e-01
 -9.5131695e-01
  1.3962228e+00
  2.1385877e+00
  1.4251438e+00
 -1.4200250e+00
  1.2338319e+00
  2.3847559e-01
 -7.0547752e+00
 -1.5023410e+00
  2.0623429e+00
 -1.2006003e-01
 -5.3039236e+00
  1.8049137e-01
 -1.6539362e-01
  1.4776248e+00
  2.2541459e+00
  5.1131117e-01
 -7.2202706e-01
 -1.6545409e+00
  2.2612243e+00
 -5.9891826e-01
 -6.4265120e-01
  6.0917117e-02
 -3.3961623e+00
 -1.4080819e+00
  2.3324192e+00
 -1.4694949e+00
 -2.1089129e+00
 -1.8629930e+00
  8.2891572e-01
 -3.8980713e+00
 -1.0202997e+00
 -6.3123333e-01
 -1.3915665e+00
  4.6048600e-02
 -9.0124619e-01
 -1.4000298e+00
  1.9365518e+00
 -3.1407300e-01
  1.9262431e+00
 -1.6457992e+00
 -3.1457648e+00
 -1.5883002e+00
 -3.3917449e+00
  1.7350608e+00
  1.1227539e-01
  2.0496204e-01
 -8.5039817e-02
 -2.8641574e+00
 -4.2846446e+00
  2.4185793e+00
  1.2347612e+00
  1.6955653e+00
  1.0449343e+00
  2.1921608e+00
  2.7759559e+00
  7.5084513e-01
  1.0080580e+00
  2.9070277e+00
 -1.7494936e+00
  1.2718735e+00
  1.9189143e+00
 -2.0845869e+00
 -1.4178474e+00
 -2.0364401e+00
 -3.0682093e-01
  2.7099149e+00
 -9.5186526e-01
  7.7997971e+00
 -4.0112514e+00
  2.4168775e+00
 -3.0099690e+00
  4.7365942e+00
 -1.0688403e+00
 -2.5815591e-01
 -7.6742238e-01
 -2.8736804e+00
  1.0475471e+00
  4.6839210e-01
 -3.2999757e-01
 -3.7695068e-01
  1.8633225e+00
 -4.2131081e-01
  1.9072419e+00
 -1.1463995e+00
  4.9402964e-01
 -1.0787683e+00
  4.9082786e-01
 -6.8065250e-01
 -2.2299497e+00
 -3.6167324e+00
  3.4160359e+00
 -4.2857522e-01
 -4.4110260e+00
  3.4836948e+00
  4.4722638e+00
  1.9459075e+00
  5.2348304e-01
  1.1444717e-03
  2.7580941e+00
 -3.4387443e+00
  2.7860162e+00
  1.6893164e+00
 -1.6286076e+00
  3.4955770e-01
 -4.8997483e-01
 -2.3272052e+00
  2.0639660e+00
 -1.0714276e+00
  3.6674616e+00
 -4.8460779e+00
  5.3034894e-02
 -6.0493439e-01
 -4.2061424e+00
 -2.3280269e-01
  3.4000049e+00
  5.9999573e-01
 -5.2840590e-01
 -1.6655328e+00
  1.8305995e+00
 -1.0641099e+00
 -1.5071757e+00
  2.6267374e-01
 -1.4284585e-01
  6.1476021e+00
  6.5797186e-01
  7.4911553e-01
 -1.6767825e+00
 -9.7001475e-01
  2.6723912e+00
 -1.4654388e+00
 -2.1329508e+00
  9.4044703e-01
 -1.2185087e+00
 -1.1058982e-01
 -4.8327867e-02
  1.8503932e+00
 -1.4865904e+00
  4.0098217e-01
 -5.6951089e+00
  9.5484465e-01
  5.1308808e+00
 -2.0771556e+00
  1.9317646e+00
 -6.4098115e+00
  8.6136764e-01
  3.6159706e+00
  2.2438066e+00
 -3.3955705e+00
  2.3004813e+00
 -1.1231441e+00
  4.7550070e-01
  1.4586945e+00
 -1.8391666e+00
  8.6819857e-01
 -7.2920370e-01
 -5.6307506e-02
 -4.6799502e+00
  4.3926992e+00
 -1.0527363e+00
  3.6695686e-01
  3.2078497e+00
  1.0145237e+00
 -1.2961459e+00
  3.1210880e+00
  2.7084944e-01
  4.0333766e-01
 -2.9070404e+00
  2.1686381e-01
  2.0544808e+00
 -1.5447950e+00
 -5.9776485e-01
  1.5664263e-01
  7.6700360e-01
 -2.7759752e+00
 -1.4834297e+00
 -1.7538981e+00
  2.5549824e+00
 -2.7533793e-01
 -1.4369619e-01
 -1.2843840e+00
 -5.4563886e-01
  1.4221724e+00
  3.4424324e+00
 -3.2815893e+00
  9.9930900e-01
 -5.5624590e+00
 -2.5358310e+00
 -2.6678283e+00
 -1.6843528e-01
 -4.9116545e+00
 -3.2556403e+00
 -2.6196718e-01
  4.8970180e+00
 -2.6334840e-01
  1.7745781e+00
 -2.1138031e+00
  7.7974254e-01
 -1.4071841e+00
 -5.8341759e-01
 -7.3676908e-01
  3.9614427e-01
  2.3009574e+00
  2.1969064e-01
  5.5589261e+00
 -7.1942002e-01
 -2.0350370e+00
 -1.5011994e+00
 -3.7577789e+00
  2.0774486e+00
  5.3750843e-01
  2.4146903e+00
  1.8305088e+00
  5.2401835e-01
 -6.7579180e-01
  2.3807561e+00
 -2.1229131e+00
 -1.0476419e-01
 -8.2899398e-01
 -3.9060099e+00
 -1.9108939e+00
  6.1190677e-01
  1.5228235e+00
 -3.2914608e+00
  1.7872255e+00
  9.7089297e-01
 -3.1312636e-01
  3.3747633e+00
  1.1416214e+00
  1.0812911e+00
 -2.6649191e+00
 -3.2735753e+00
 -1.7294099e+00
 -2.6476038e+00
 -2.6842573e-01
 -2.5281661e+00
 -3.9932981e-02
  2.8765962e-01
 -8.8285792e-01
  3.0955474e+00
  1.2758470e+00
 -2.2961740e+00
  2.0662601e+00
  1.2755892e+00
  1.5884660e+00
  2.1707082e+00
  1.4501572e+00
 -1.2914921e+00
 -4.1071776e-01
 -7.6096851e-01
  1.0063854e+00
  1.8927152e-01
  1.0440552e+00
 -3.9944885e+00
 -1.2301768e+00
  2.0227020e+00
 -2.3382766e+00
 -3.7233067e+00
 -3.5306585e-01
 -1.3999163e+00
  9.4427997e-01
 -1.6223451e+00
  5.5644441e-01
 -2.7800512e+00
  1.0901967e-01
  1.2997220e+00
  1.5037577e-01
  8.7440789e-01
 -1.2339156e+00
 -6.0102355e-01
 -1.8717113e+00
  7.4376948e-02
 -1.2192436e-01
  2.9219010e+00
  1.6489487e+00
  2.8874056e+00
  8.7393320e-01
 -6.9320187e-02
 -3.4997873e-02
  4.3171420e+00
  9.9897194e-01
  1.0229106e+00
 -3.1503422e+00
 -3.2738380e+00
 -3.4952314e+00
  2.7384543e+00
 -2.6256156e+00
 -1.6003588e+00
  4.2954197e+00
 -3.4222956e+00
  4.7320719e+00
  3.5393574e+00
 -4.7409102e-02
 -2.9583952e+00
  2.0574410e+00
 -3.7471771e+00
 -3.1871576e+00
  1.8271630e+00
  1.8978974e+00
  4.4107933e+00
 -1.8032058e+00
 -2.7616236e+00
  2.2949378e+00
 -4.8071384e+00
  2.6537994e-01
  1.8018813e+00
  5.3402096e-01
  4.4279704e+00
 -3.4093447e+00
 -1.3775430e+00
  2.1492307e+00
  3.9574645e+00
  1.5399526e+00
 -4.4254026e+00
 -1.1902246e+00
 -2.7708008e+00
  2.8479991e+00
 -1.7716110e+00
 -1.1298110e+00
 -1.5602368e+00
  3.1886578e+00
 -9.8532641e-01
 -1.2725222e+00
  3.3594208e+00
 -2.3179214e+00
 -1.3570204e-01
 -2.7327454e+00
 -2.6337559e+00
  9.1517395e-01
 -3.6956637e+00
  2.9637337e+00
  6.3497655e-02
  7.0944101e-01
 -3.0778017e+00
  1.6077119e+00
  1.9448527e+00
  2.0306606e+00
  3.4385771e-01
  2.5049329e+00
  2.2789023e+00
 -1.0714609e-01
  2.0905850e+00
 -5.1988034e+00
 -5.0074396e+00
 -2.0376978e+00
  2.7428138e+00
 -2.3665824e+00
 -2.8014464e+00
  9.1225231e-01
 -4.2346101e+00
  3.0268149e+00
  2.6191463e+00
  2.5724821e+00
 -2.1455221e+00
  2.9087689e+00
 -3.0990789e+00
 -3.0764294e+00
  1.7677737e+00
  1.9485624e+00
  4.0656381e+00
 -3.8127911e+00
 -4.8920531e+00
  1.6348891e+00
 -3.6643546e+00
  1.2554415e-01
  2.4116189e+00
  4.4367456e-01
  3.5383468e+00
 -2.4679992e+00
 -1.7817088e+00
 -1.7860670e+00
  4.0756474e+00
  1.7616231e+00
 -2.5833783e+00
  4.0102634e-01
 -3.8974008e-01
  3.5853245e+00
 -1.0696707e+00
  1.8475746e-01
 -2.0023868e+00
  4.0252852e+00
  1.3895190e-01
 -1.5818983e+00
  2.0738976e+00
 -7.8516826e-02
 -5.3566612e-02
 -2.4838057e+00
 -1.3408984e+00
  2.8929167e+00
 -2.0867059e+00
  3.2628353e+00
 -9.5984334e-01
 -1.0056462e+00
 -4.4479566e+00
 -5.5156112e-01
 -4.6743548e-01
  1.1357738e+00
  1.6497405e+00
 -1.7555716e+00
 -1.1905892e+00
 -4.5331230e+00
 -2.0967123e-01
 -2.9300857e+00
 -9.3386501e-01
  7.6501167e-01
  3.1483397e-01
 -1.1085685e+00
  4.8424315e+00
 -6.1762005e-01
 -1.0083722e+00
 -1.6481107e+00
  2.8213479e-02
 -2.4342875e+00
 -1.8174093e+00
  3.7251443e-01
 -5.6031102e-01
 -1.5233788e-01
 -1.3869826e+00
  7.2750914e-01
 -3.2605908e+00
 -1.3403265e-01
 -2.3214827e+00
 -7.7486026e-01
 -2.5250888e+00
 -7.0867124e+00
 -9.4913685e-01
 -2.6028386e-01
  4.3768018e-01
 -5.3464942e+00
  3.5358801e+00
 -8.0297905e-01
 -2.4453831e+00
 -2.0615892e+00
  8.0264606e+00
 -8.8660866e-01
 -1.9478099e+00
  1.9463205e+00
 -1.4531051e-01
  2.6688457e+00
 -7.7200866e-01
  4.8796945e+00
 -2.5725269e+00
 -2.6021383e+00
  6.6456419e-01
  4.7059602e-01
  3.4481907e+00
 -1.2804339e+00
  2.0443926e+00
  6.4775577e+00
 -4.6245068e-01
  4.1169316e-01
  4.2737398e+00
 -3.9080837e+00
 -2.1717632e+00
 -6.0187590e-01
  1.3635601e+00
 -2.0742497e-01
  1.2807348e+00
  3.0136463e-01
 -3.0035877e+00
  2.5560176e-01
  3.7813802e+00
 -1.7633651e+00
  2.7373157e+00
  7.6947677e-01
  2.6705129e+00
 -1.7412275e-01
  1.4322616e+00
  1.5540307e+00
 -1.0215802e+00
  1.9789656e+00
  3.3158317e+00
 -1.3153508e+00
  1.0927541e+00
 -7.4466479e-01
 -2.9714372e+00
  5.8921528e-01
  2.2559206e+00
 -1.0423373e+00
 -2.4528387e+00
 -2.9096293e+00
 -7.4166572e-01
 -6.5428621e-01
  9.2498279e-01
  1.6288797e+00
 -8.2787514e-01
 -6.3190198e-01
  4.5483258e-01
 -5.2361494e-01
 -1.3067158e+00
 -9.4549072e-01
 -3.4072918e-01
 -5.4630971e-01
  3.0017254e+00
  9.7502375e-01
 -9.4003212e-01
 -1.0265894e+00
  7.3304012e-02
 -1.3864840e+00
  2.7464721e+00
  1.5990510e+00
  8.9781129e-01
 -1.6650555e+00
 -1.0329335e-01
  1.9669085e+00
 -4.8102009e-01
  8.6105645e-01
  3.7012801e-01
  3.2646003e+00
  1.6087791e+00
 -6.7333512e-02
  1.7321408e+00
 -4.2342088e-01
 -4.3039702e-02
  5.0656095e+00
  9.7310334e-01
  8.3750886e-01
  6.2974119e-01
  3.1822252e-01
  1.4547521e+00
  1.4736924e+00
  2.2900885e-01
  3.4929553e-01
 -2.2372127e+00
  3.8039722e+00
  2.6363212e-01
  7.8372067e-01
  2.4563005e+00
 -3.5712578e+00
 -5.7577467e-01
  2.4031349e-01
 -1.7613447e+00
 -2.8904850e-02
 -7.4382532e-01
 -1.5609739e+00
  2.6516120e+00
  6.8626714e-01
  3.5473041e-02
  6.9181901e-01
  1.1630477e+00
 -1.7930257e+00
 -3.0289204e+00
 -1.8151883e+00
  2.5886047e+00
 -1.4060512e+00
  4.2374879e-01
  1.5104939e-01
 -1.1232617e+00
  2.1731617e+00
  1.0362201e+00
  2.1556997e+00
  9.6507519e-01
  2.6739500e+00
  1.5531890e+00
  8.5167402e-01
  6.7947036e-01
 -6.2091672e-01
 -4.6980366e-01
  9.0247720e-01
  2.0256834e+00
  6.7676175e-01
 -5.2224511e-01
 -6.2691081e-01
  1.9343661e-02
  3.5335321e-02
 -2.2244115e+00
 -6.4839458e-01
  4.4419875e+00
 -2.7882133e+00
 -6.5191895e-01
 -2.6943288e+00
 -1.0347425e+00
  7.2771347e-01
 -8.2959443e-01
  2.0059383e+00
  2.0675266e+00
 -8.1022814e-02
  3.3067729e+00
  1.2673732e+00
  2.0130645e-01
  1.6978526e+00
 -1.6559526e+00
 -6.1182636e-01
 -1.6939569e+00
  4.1099715e+00
  4.9296856e-01
 -3.8058100e+00
  5.1197916e-01
 -1.5204432e+00
  5.0077200e+00
  1.5908794e+00
  2.2763023e+00
  2.0615702e+00
 -4.4936128e+00
 -3.5249472e+00
 -2.9524388e+00
  1.0318618e+00
 -1.3488995e+00
  3.3210865e-01
 -5.9769654e-01
 -2.7898893e+00
 -7.4450150e+00
 -5.3950443e+00
 -6.7096200e+00
  2.7290545e+00
 -2.6949377e+00
  2.8466580e+00
 -1.4037639e-01
  2.0102711e-01
 -9.8848128e-01
  7.6113009e+00
 -8.4094441e-01
  4.5709112e-01
  1.0208325e+00
  1.3601215e+00
  1.4594618e+00
  1.1728945e+00
  2.2370720e+00
 -7.9408979e-01
 -6.1505228e-02
  1.8779838e+00
  1.9101872e-01
  1.0825450e+00
 -1.0537262e-01
 -5.3407340e+00
 -4.9028206e-01
  2.0965998e+00
  1.5008570e+00
  3.6843939e+00
 -5.4298508e-01
  6.9775572e+00
  9.4883364e-01
  7.8235596e-02
  3.1940980e+00
 -3.9156384e+00
  1.9598391e+00
  9.8636633e-01
 -3.5176315e+00
 -3.3798695e+00
  2.1565785e+00
  2.5278330e+00
  1.9850606e+00
  8.4448862e-01
  6.0831165e-01
 -7.4068636e-01
 -2.5040619e+00
 -2.2139713e-01
 -3.1327341e+00
 -2.6307902e+00
 -2.1102922e+00
 -1.6282091e+00
  6.4278734e-01
 -2.5019033e+00
  2.5523725e+00
 -3.3252125e+00
 -3.6857188e-02
 -4.1418891e+00
 -1.1719037e+00
  2.6867549e+00
  9.0045288e-02
  5.9842134e-01
  5.4704684e-01
  1.1150523e+00
  1.2094716e-01
 -1.0609833e+00
 -1.6232835e+00
 -3.9281015e+00
  7.9520738e-01
 -1.1420647e-01
 -1.7799078e+00
 -8.8765180e-01
  6.6175371e-01
  1.6119142e+00
 -1.9442706e+00
 -4.4171419e-02
 -1.4545926e+00
  3.7672069e+00
  2.1705508e+00
 -8.1777352e-01
 -6.5951031e-01
 -9.8095244e-01
 -1.3460004e+00
 -8.2286495e-01
  3.3285359e-01
 -1.8866247e+00
 -2.7228034e+00
  5.6225696e+00
 -1.9073142e+00
  3.1501916e-01
 -2.0569646e+00
 -2.7146363e+00
  8.8587499e-01
 -7.6624107e-01
 -7.9036766e-01
  4.7269213e-01
  4.9984583e-01
 -9.8175466e-01
  1.5876620e-01
  7.5047374e-01
  3.8471889e-01
  1.2864275e+00
  1.8219578e+00
 -2.1701550e+00
  2.1376178e+00
  3.9588294e+00
  2.5720987e+00
 -1.4291182e+00
  6.6416464e+00
  9.6967453e-01
  3.2048366e+00
 -3.5344195e+00
  2.2550170e-01
  1.1776613e+00
 -7.3241907e-01
  2.1674039e+00
 -1.6056682e+00
  3.8746977e+00
  2.7616808e+00
  1.3134511e+00
 -6.2653047e-01
  2.9153068e+00
 -2.6483247e+00
  2.7023315e-01
 -3.7346190e-01
  8.7595487e-01
  4.3217570e-01
  2.7204354e+00
  2.2893994e+00
 -2.8850267e+00
 -1.1749102e+00
  3.6827777e-02
 -1.2755539e+00
  2.8780973e+00
  8.8834393e-01
  1.0626640e-03
  4.4297150e-01
 -9.5120484e-01
  2.9144323e+00
 -3.4643519e+00
 -1.7794621e+00
  5.9723049e-01
 -1.7153848e+00
 -8.2878411e-01
 -1.0585583e+00
  2.6679957e-01
 -1.4106349e+00
  1.2383167e+00
  3.6098847e-01
  8.9252460e-01
 -2.1077814e+00
 -4.7642217e+00
 -6.7392027e-01
 -3.1610698e-01
 -3.3986883e+00
 -2.5082617e+00
 -5.7233377e+00
 -3.5032601e+00
 -4.2697616e+00
  8.1091678e-01
  3.5277183e+00
 -2.4627671e+00
  7.7596343e-01
  5.0894141e-02
 -5.0674372e+00
 -6.0460567e-01
 -1.2897500e+00
  4.4267769e+00
 -6.8541330e-01
 -2.8214118e+00
  2.3772700e+00
 -2.6622753e+00
 -2.7057965e+00
  1.1843654e+00
  1.3561766e+00
  6.5371242e+00
  9.7042841e-01
 -1.3303896e+00
 -3.1321919e+00
  1.5569552e+00
  1.5130355e+00
 -2.7158351e+00
  2.0242825e+00
  1.8682612e+00
  4.4715734e+00
  1.4978070e+00
  1.5171834e+00
  4.1545209e-01
  1.0219870e-01
  2.1481893e+00
  4.3326373e+00
 -4.8945550e-02
 -5.8091497e-01
  3.9005392e+00
  2.6092632e+00
  2.0608172e+00
 -4.0123382e+00
 -2.4562619e+00
 -3.5060272e+00
 -3.9505427e+00
 -3.9506271e+00
  6.3700980e-01
 -7.5688452e-01
 -2.6969852e+00
 -1.2603271e+00
  1.4670976e+00
 -4.5369810e-01
 -1.0608155e+00
  1.1673183e+00
 -4.1625681e+00
 -4.3260065e-01
  6.8746334e-01
  2.5103142e+00
 -1.3083689e+00
  3.0532968e+00
 -1.4231560e+00
  2.1314087e+00
  2.3633018e+00
 -5.7867897e-01
  3.3667672e+00
  2.9687095e-01
  1.0339681e+00
  5.9101267e+00
  1.8111789e+00
  1.0092815e+00
 -1.8356869e+00
 -5.5189943e-01
 -3.1497774e-01
 -3.1652865e+00
 -2.1640949e-02
  3.4068897e+00
 -3.9553630e+00
 -2.9186728e+00
  2.5211852e+00
  3.0293646e+00
 -6.9548053e-01
 -7.6661086e-01
  2.5957623e-02
  1.3402840e+00
  6.2574542e-01
 -1.1732795e+00
 -1.1125062e-01
 -1.3936205e+00
  4.0316963e-01
 -1.2067329e+00
  1.0628846e-01
  9.1143024e-01
  2.1624579e+00
  1.0267067e+00
  2.7676711e+00
  5.1916641e-01
 -6.9959607e+00
 -1.5355692e+00
 -6.3828754e-01
  3.8019094e+00
  1.0863477e+00
  2.2428358e+00
  2.7888150e+00
  3.4541638e+00
 -1.0920105e+00
 -8.2586586e-02
 -3.2964647e+00
  1.4719307e+00
  2.8562951e+00
  2.6913769e+00
 -9.3049176e-02
 -2.4531481e+00
  6.5420108e+00
  1.7522305e-01
 -1.8180757e+00
  1.1846114e+00
 -3.0294900e+00
  1.2836725e+00
  3.2461879e+00
  4.2567968e+00
 -3.6124022e+00
 -4.3538747e+00
 -2.9055064e+00
  1.9611952e+00
 -3.4348111e+00
  1.7759632e+00
 -2.8548610e+00
 -1.2198013e+00
 -1.1297556e+00
  4.2590032e+00
 -1.3713284e-01
 -9.8029417e-01
 -5.1435977e-01
  1.8035103e+00
 -2.9585390e+00
  1.3820786e+00
 -1.3572402e+00
 -2.9145067e+00
 -2.3805684e-01
 -1.5203819e+00
  2.7625179e+00
 -1.0626959e+00
 -5.3939670e-01
  2.9196706e+00
  4.5400313e-01
  8.0072641e-01
 -1.2391841e+00
 -2.4638109e+00
 -2.8186104e+00
  4.8693019e-01
  1.8311195e+00
 -4.0361075e+00
 -3.9702764e-01
  7.1695894e-01
 -1.8327765e+00
 -5.0063515e+00
  1.3490189e+00
 -1.8368868e+00
  9.5348090e-01
  1.2228991e-01
 -1.3466742e+00
 -8.0156440e-01
 -7.9479510e-01
  4.3971109e-01
 -1.6216596e+00
  2.2735548e+00
 -4.0448794e-01
  1.3758789e-01
 -9.7063103e+00
  4.8645535e+00
  1.0532951e+00
 -1.0219852e+00
 -3.0163717e-01
 -2.2595088e+00
 -3.1281841e+00
  1.7219831e+00
 -3.4120755e+00
  2.2822708e-02
  6.5406263e-02
  1.0732992e+00
  4.2101159e+00
 -2.4781213e+00
 -1.4940860e+00
  1.3280373e+00
  6.5596730e-01
 -1.6803356e+00
 -7.3352337e-01
  6.9858742e-01
 -4.3241280e-01
 -1.3227355e+00
 -4.4157840e-02
 -5.7543355e-01
 -1.7152551e+00
 -2.9776554e+00
  1.0780661e+00
 -2.3738256e+00
 -1.0225135e+00
  2.2457702e+00
 -1.1905607e+00
 -8.9164060e-01
  2.0857124e+00
  2.4609551e-01
  2.9475839e+00
 -2.1552761e+00
  1.5012413e+00
 -7.0937324e-01
  1.6986734e+00
  3.8579470e-01
 -1.3939790e+00
  3.2418838e+00
  1.9985018e+00
 -1.2557257e+00
  6.0081315e-01
  6.5186642e-02
  5.4921765e-02
 -6.7942739e-01
 -1.0767821e+00
  3.0088329e+00
 -2.4555328e+00
 -1.3534906e+00
  1.9654298e+00
  3.2281038e-01
 -1.0804837e+00
 -2.8963792e+00
  9.8190568e-02
 -2.3452570e+00
 -3.4463696e+00
  2.1733818e+00
  4.6229501e+00
  8.9860475e-01
  2.1912851e+00
 -3.5442603e+00
  2.4318752e+00
  2.2626622e+00
  3.4196677e+00
  2.1689601e+00
  1.1100320e+00
 -8.0497906e-02
  2.2131789e+00
 -7.6655352e-01
 -3.0133543e+00
 -3.5863893e+00
 -8.7178761e-01
  8.9280725e-01
  8.5015881e-01
 -4.0567732e+00
  1.5175606e+00
 -2.4703705e+00
  3.4528508e+00
  9.5741189e-01
  3.7263098e+00
 -2.5619256e+00
  2.5260885e+00
 -1.1172784e+01
 -2.8883317e+00
  4.3605435e-01
 -3.3147740e+00
 -6.6048282e-01
 -2.2441533e+00
 -2.3828864e-01
 -2.5337379e+00
  1.7005217e+00
  3.8995272e-01
  1.0398489e+00
  5.1221929e+00
 -1.8771576e+00
 -2.2610243e-02
 -3.1409550e+00
  9.5433092e-01
  6.5051460e-01
  8.5816631e+00
  1.1693769e+00
  2.7112873e+00
  2.4108009e+00
 -4.1150432e+00
 -1.3059365e+00
 -1.6455075e+00
  2.8143978e-01
  1.7025882e+00
  1.1452047e+00
 -8.6424232e-01
  1.7912704e+00
 -8.6420637e-01
  2.1967249e+00
 -3.4704363e+00
 -2.0606856e+00
  2.7876809e+00
 -6.3000484e+00
  2.9083765e-01
 -5.1988786e-01
 -2.9293406e+00
 -1.1693060e+00
  1.0452315e+00
  3.8873848e-01
 -1.0915691e+00
 -3.6303985e+00
 -1.1049668e+00
  1.0049700e+00
 -2.4758971e-01
 -3.3639274e+00
  1.3796514e+00
  2.6270819e-01
  8.4239207e-02
  1.5152166e+00
  5.4293338e-02
 -3.6280758e+00
 -1.0908554e+00
  4.0404744e+00
  9.0050256e-01
 -6.6751838e-01
  2.9204662e+00
 -6.7732251e-01
  6.4193976e-01
 -6.2573619e-02
 -1.4083163e+00
  6.0194254e-01
 -7.0863292e-02
 -5.3344655e-01
  1.8869647e+00
 -2.3296847e+00
 -4.3239990e-01
  4.1983435e-01
 -1.4338024e+00
 -2.6743751e+00
 -1.0486722e+00
 -2.2215002e+00
  3.5081407e-01
 -1.5420533e+00
 -2.9974561e+00
 -2.5863233e+00
 -2.0364176e-01
 -6.2124476e+00
  5.4377627e+00
  1.2263191e+00
 -3.2376465e-01
  2.0962672e+00
 -2.3333416e+00
  8.9757967e-01
 -1.3213463e+00
  3.3483326e-01
 -1.6715117e+00
 -3.5447076e-01
  2.6311281e-01
  5.9465045e-01
 -1.1800610e+00
  1.8541155e+00
 -1.3077757e-01
  3.4436817e+00
 -2.0464687e+00
  2.4047501e+00
 -2.9981685e+00
 -1.6004806e+00
  7.0526195e-01
 -2.4590991e+00
  1.1961707e+00
  2.6503418e-02
  8.7005007e-01
 -1.3447304e+00
 -5.5769426e-01
  5.6377637e-01
 -7.6224245e-02
 -8.0616951e-01
 -1.8913863e+00
  1.2605532e+00
 -2.1011877e+00
  7.3250449e-01
 -1.1181474e+00
  2.3801587e+00
  2.2324844e-01
  2.3321970e+00
  1.6208948e-01
  6.2561691e-01
  2.6518768e-01
 -5.6458193e-01
  3.5874403e-01
  8.2132256e-01
  2.1358928e-01
  5.2396345e-01
  7.8071892e-01
  2.1404378e+00
  1.4403342e+00
 -1.0662643e+00
 -5.2845836e-01
 -1.7981645e+00
 -2.9236803e+00
 -1.1545378e+00
  6.5847671e-01
  4.2011862e+00
  3.0144291e+00
 -1.8635989e+00
  3.2363245e-01
 -4.3679771e+00
  2.3627281e+00
 -1.6345590e-01
  9.3541813e-01
 -1.1490189e+00
  8.4945941e-01
 -8.7936305e-02
 -2.3836884e+00
 -4.0653504e-02
  4.9802446e-01
  2.5124102e+00
 -3.6922333e+00
 -3.1916234e-01
  3.0343862e+00
  2.2864543e-01
 -5.2258309e-02
  1.3355863e+00
  1.0968796e+00
 -6.9159430e-01
  1.4124068e+00
 -1.4758520e+00
 -4.9072814e+00
  1.0463720e-01
  1.8937360e+00
  3.4319167e+00
 -5.5506802e+00
  2.0904808e-01
 -7.3826319e-01
  1.3861488e+00
  5.9878855e+00
 -6.2618032e-02
 -3.9922717e-01
 -4.5027032e+00
  1.3789657e+00
  7.4250236e-02
  9.5451629e-01
  2.7176886e+00
  1.1045275e+00
  1.5986493e+00
  1.9834961e+00
 -2.2034140e+00
  3.3417802e+00
 -6.2779117e-01
 -8.0322498e-01
  2.3217547e+00
 -1.0881370e+00
  6.9090229e-01
  1.0552691e+00
 -9.9947929e-01
 -3.2899616e+00
  6.4291537e-01
  1.8748909e+00
  1.3682276e+00
  4.3503237e+00
 -7.1616822e-01
 -1.3466311e+00
  2.8869089e-01
  2.6489484e+00
 -2.7380781e+00
 -5.3607965e+00
 -1.6743898e+00
 -1.6036428e+00
  4.0366510e-01
  1.6878841e+00
  1.8910794e-01
  7.4051917e-01
  3.2316723e-01
 -8.1488681e-01
 -2.5475166e+00
 -2.4095340e+00
 -2.5157040e-01
 -1.5973963e+00
  8.0294544e-01
  4.5344093e-01
 -3.2025409e-01
 -1.4885210e+00
 -9.4825792e-01
 -7.8822899e-01
 -2.2548091e+00
  8.8446432e-01
 -8.8371396e-01
  5.3433657e-02
 -1.7769270e+00
  3.3403974e+00
 -3.2131431e+00
 -2.2019158e-01
  3.7836487e+00
 -1.1351268e+00
  2.4148746e-01
  6.5138906e-01
 -1.6979519e+00
  9.6617622e+00
 -3.8656678e+00
 -5.4092515e-01
 -1.7234136e+00
 -7.2263527e-01
  5.1321775e-01
  2.2773076e-02
  3.6687708e+00
 -6.7889012e-02
  4.3498140e-02
 -1.6843859e+00
  1.4959413e+00
 -1.7172223e+00
 -5.2540725e-01
 -3.7723112e-01
  3.3715445e-01
 -4.3218356e-01
 -1.5071641e+00
 -2.7614054e-01
 -5.5063260e-01
  1.9406517e+00
 -1.8369710e-01
  2.7021830e+00
  5.6220859e-01
 -3.3517671e+00
 -2.3602312e+00
 -4.6412420e+00
 -2.6854019e+00
  1.4135222e+00
  3.2175205e+00
 -7.6233327e-01
  1.0037651e+00
  3.6104264e+00
 -4.7584644e-01
  6.2684262e-01
  1.3978825e+00
  5.3178304e-01
  1.0342652e+00
  8.2954711e-01
 -2.6622791e+00
 -1.0315444e+00
 -4.3883365e-01
  3.6206198e+00
 -2.7889916e-01
  9.5969534e-01
 -1.3934982e+00
  7.6894033e-01
  2.3318841e-01
 -4.0964513e+00
 -1.1035619e+00
 -4.5049709e-01
 -1.8259593e+00
  2.6879709e+00
 -2.3387110e+00
 -1.1340530e+00
  2.0866716e+00
  1.7298837e+00
 -1.6960344e+00
  1.0571978e+00
  3.5468689e-01
  7.9206795e-01
 -1.7414267e+00
  1.4745334e+00
  2.6820168e+00
  9.9869883e-01
  1.5635339e+00
  6.0678639e+00
  1.0699325e+00
  5.0289935e-01
 -3.5749533e+00
 -2.2535074e+00
 -2.5520422e+00
 -3.8377149e+00
  1.7051114e+00
 -8.0163679e+00
 -4.0148678e-01
  2.1176071e+00
 -1.8728809e+00
  1.3112504e+00
 -1.1918179e+00
 -3.2214960e-01
 -2.4588635e+00
 -2.7480731e+00
 -1.1421244e+00
 -1.0438143e+00
 -3.1786556e+00
 -7.2076240e+00
 -2.3180482e+00
  2.9128928e+00
  8.2221609e-01
 -1.2862090e+00
 -3.5868330e+00
 -3.0645459e+00
 -2.1463361e-01
 -3.7724757e-01
 -1.4062649e-01
 -1.1332721e+00
 -3.4609911e-01
 -3.4586604e+00
  2.7436628e+00
  2.5476391e+00
 -9.0210691e-02
  9.5887482e-01
 -7.6416725e-01
  1.5951549e+00
 -6.3180918e-01
 -1.1249523e-01
 -4.6375982e-02
 -3.9583066e-01
  6.8005997e-01
  1.1902415e-01
 -4.6406388e-02
  1.9564979e+00
 -5.6147685e+00
  1.5863048e+00
 -8.3690238e-01
 -3.1532555e+00
 -2.0551451e-01
 -4.7493200e+00
  1.0148665e+00
 -4.5294636e-01
  7.4826807e-01
 -3.0292578e+00
 -1.4884248e+00
 -5.3115778e+00
 -6.9097239e-01
  3.9393487e+00
  1.7416047e-01
 -2.9054160e+00
  1.6843215e-01
  7.5238299e-01
 -6.9334842e-02
 -1.9461684e-01
 -6.7039269e-01
  1.4108536e+00
 -3.2173622e-01
  4.3375473e+00
  3.0209333e-01
  1.6707761e+00
 -2.2688406e+00
 -1.3884020e+00
  3.6117139e-01
 -1.6767706e+00
  3.6148152e+00
  2.9756041e+00
  5.9320009e-01
 -1.4118223e+00
 -1.2096195e-01
 -1.3824239e+00
 -2.4893621e-01
 -3.5368669e+00
  3.5473986e+00
  1.4325610e+00
  1.3800362e+00
  2.0261247e+00
  2.9616380e+00
  3.5953708e+00
 -2.5780582e+00
  2.8360503e+00
  5.4886810e-02
 -2.2056766e+00
  3.6280475e+00
 -2.6231763e+00
  1.5905664e+00
  2.6535141e+00
  5.7786250e+00
  7.8831023e-01
  3.7522817e-01
  2.4001415e+00
 -2.6726768e+00
  2.5899460e+00
  4.4145018e-01
  4.0317340e+00
 -2.7779191e+00
 -4.6582049e-01
 -1.4668242e+00
  3.1399679e+00
  1.0206965e+00
 -1.4530718e+00
  2.1662569e+00
 -3.4998912e-01
  6.9872350e-01
 -1.7908041e+00
  6.4863968e+00
  1.7718065e+00
  3.5714490e+00
  1.1985528e+00
  6.0912538e+00
 -3.4413970e+00
 -9.9906802e-01
 -7.7429235e-01
 -2.6790140e+00
 -3.5438418e+00
 -6.6917819e-01
 -8.4927201e-01
 -1.7326522e+00
 -2.2637144e-02
  2.0990614e-02
  1.4063137e+00
  1.2835565e+00
 -4.1241294e-01
 -2.5726326e+00
  1.2640353e+00
 -2.7957704e+00
  9.0257776e-01
 -4.1148867e-02
  9.2828918e-01
  2.8634241e+00
  1.3903549e+00
  2.2092638e+00
 -9.1031343e-01
 -3.9962282e+00
  1.9692748e+00
  4.7880569e-01
 -4.2715394e-01
  1.5984451e+00
 -6.4076958e+00
 -5.5791283e-01
 -1.9361457e+00
  2.3817568e+00
  2.3928804e+00
  1.2415974e-01
 -3.3191469e+00
 -1.3714383e+00
  8.7198424e-01
  4.3678847e-01
 -1.1047266e-01
  1.5163996e+00
 -4.8922390e-01
  1.2994088e+00
  1.0360281e-01
  2.2735469e+00
  7.1591611e+00
 -6.8118560e-01
 -1.0141383e+00
 -1.4884441e+00
  1.5837894e-01
  1.2388743e+00
  2.0234604e+00
 -1.1027964e+00
 -1.2972895e+00
 -4.5800710e+00
  2.6360433e+00
  3.1495883e+00
  6.1571426e-03
  5.6780851e-01
 -2.5790105e+00
  4.9896531e+00
 -1.1599957e+00
  1.0140188e+00
 -1.2037715e+00
  2.2938831e-01
 -5.4759222e-01
 -3.0821695e+00
  1.4377472e+00
 -7.6235545e-01
  2.6694434e+00
 -2.6455653e+00
  1.0770880e+00
  3.3143148e+00
  5.5834782e-01
  4.8088861e-01
  2.6833153e-01
 -2.3555566e-01
  2.4125710e+00
 -1.8400172e+00
  1.4797790e+00
  9.4653994e-02
 -9.0827864e-01
 -2.0672064e+00
  1.1474967e+00
  8.0563134e-01
 -4.6620970e+00
  7.2794783e-01
 -1.2291054e+00
  8.3479536e-01
  1.0345847e-01
 -1.9229950e+00
 -7.7809463e+00
  2.2971737e-01
 -2.5226696e+00
  1.2004747e+00
 -1.4822228e-01
  2.8596256e+00
  4.5593470e-01
  5.5845684e-01
 -3.4672689e-01
  3.4604197e+00
 -8.2188815e-01
 -8.0418807e-01
 -1.0367380e+00
  1.4501466e+00
  1.5330386e+00
 -7.1938586e-01
  1.1109363e+00
 -1.7894207e+00
 -1.1321781e-01
 -3.4278948e+00
 -1.8753082e+00
  1.0375496e+00
 -3.2478526e+00
  1.4698825e+00
  2.0606031e+00
  2.2030621e+00
 -1.9190553e-01
  2.4791926e-01
 -6.9414014e-01
 -3.1954544e+00
 -1.7769306e+00
  7.1544224e-01
  3.3797202e+00
  2.3794797e-01
 -1.7658932e+00
  2.7691026e+00
  9.1072011e-01
 -1.5220623e+00
  6.0325676e-01
 -1.1793517e-01
 -2.3244264e+00
  9.4867855e-01
  3.9896154e-01
 -9.9302268e-01
  2.9070306e-01
 -2.2682152e+00
  5.5291376e+00
  2.8766763e+00
 -8.8397245e+00
  2.0165882e+00
 -3.1216431e-02
  4.8236766e+00
  1.0413606e-02
 -4.5055342e+00
 -2.9072306e-01
 -1.1817310e+00
  1.4876106e+00
 -3.4203368e-01
 -1.7850274e+00
 -2.3095148e+00
  2.0569345e-01
 -1.0213946e+00
 -6.5919632e-01
 -2.1182442e+00
  4.4619054e-02
  9.3162648e-02
  1.3838609e+00
  1.1858751e+00
 -1.0129888e+00
 -2.9502237e-01
 -2.3979373e+00
 -1.9383408e+00
 -2.1444783e+00
  4.8173520e-01
 -7.7596277e-01
 -1.8087077e+00
 -7.3366567e-02
  4.6076059e-01
  2.6336148e+00
  1.7683187e-01
 -9.6000338e-01
  4.7729135e+00
 -1.0561850e+00
  7.1082973e-01
 -1.7923889e+00
  2.4865606e-01
 -1.3136392e+00
  2.1125648e+00
  1.4673595e+00
 -3.0316243e+00
  1.4124823e+00
 -1.0847743e+00
  1.3804535e+00
 -8.4498763e-01
 -1.0497947e+00
  2.8330030e+00
 -2.0621397e+00
 -1.0716909e+00
  2.2482274e+00
  8.1626374e-01
 -3.0871520e+00
 -1.0529085e+00
  6.7449576e-01
 -8.8532066e-01
 -1.8734416e-01
 -4.5452178e-01
 -2.1854100e-01
 -1.4731319e+00
 -3.1444049e+00
 -2.9031820e+00
 -1.4959296e+00
 -1.3220072e+00
  8.6271143e-01
 -1.9950132e+00
 -1.3021574e+00
  2.4853347e-01
  1.1329707e-01
  1.4923081e-01
  5.6624234e-01
  1.3542137e+00
  1.2961641e-02
  3.5198245e+00
 -3.4140295e-01
 -3.2376840e+00
  1.1749656e-01
  9.4697315e-01
 -2.9473701e+00
  8.4932989e-01
 -1.5828730e+00
 -3.5067086e+00
  1.4503176e+00
 -1.1622000e-01
  2.4152780e+00
  3.1710702e-01
  7.9912943e-01
  8.0190766e-01
 -1.4275490e+00
 -1.3248076e-01
  6.1222869e-01
 -5.9356910e-01
  3.2578114e-01
 -2.0182025e+00
 -3.5068870e+00
 -5.7690182e+00
  5.0440464e+00
  1.3602811e-01
 -1.7644316e-01
  1.4857550e+00
  3.4216410e-01
 -3.2753611e+00
 -2.3829167e-01
 -6.8166977e-01
 -1.4992025e-01
  2.5042849e+00
  1.8148004e+00
 -2.3178267e+00
 -2.7166278e+00
  4.4809893e-02
  3.1171646e+00
 -3.2813449e+00
 -8.8121778e-01
  4.8423429e+00
  1.4922494e+00
 -9.4632596e-01
  1.5757585e+00
 -1.3840488e+00
 -1.0228096e+00
  2.1995988e+00
  1.9160228e+00
 -4.0225059e-01
  2.0719105e-01
 -4.5491800e+00
 -9.4098616e+00
 -2.5446322e+00
  3.8189476e+00
 -3.5469024e+00
 -1.9065871e+00
 -1.4410604e+00
 -1.4524406e+00
 -3.6974722e-01
  1.4449806e+00
 -5.5871849e+00
  1.7963344e+00
 -2.6267297e+00
  1.2736422e+00
 -2.2887180e+00
 -8.9078242e-01
  9.6017671e-01
 -2.2496078e+00
  3.4923790e+00
  1.2177663e+00
 -2.7535160e+00
 -1.9969425e+00
 -1.5624754e+00
  6.6555655e-01
 -1.7439975e+00
  2.5872426e+00
  4.9520493e-01
 -4.3109832e+00
 -1.0329764e+00
 -2.2650926e+00
  1.0941210e+00
 -5.4623969e-02
  3.6503911e+00
 -1.1843797e+00
 -1.3712635e+00
  1.1035607e+00
 -9.0564817e-01
  9.3788111e-01
 -1.6976151e-01
 -2.3990879e+00
  3.2446971e+00
  2.4487975e-01
  2.8955823e-01
 -4.1256387e-02
 -4.7146997e+00
  4.6788020e+00
 -7.8816213e-02
  3.2731438e+00
  2.4131534e-01
 -3.2777989e+00
 -1.4023534e+00
 -1.5442903e+00
  2.7624125e+00
  1.8326445e+00
  7.6937014e-01
 -8.6469871e-01
 -2.5962290e-01
 -4.5659208e+00
  4.2623204e-01
  1.3585455e+00
 -5.3736868e+00
 -2.0750759e+00
 -4.6721435e-01
  2.3877435e+00
 -5.2837902e-01
  2.8884751e-01
 -1.7049822e+00
  9.1478235e-01
  1.0983218e+00
 -1.7745763e+00
  3.6083686e-01
 -1.5959417e+00
  5.1809233e-01
 -1.2798625e-01
  3.0879149e+00
  1.4940256e+00
 -1.1056841e-01
 -4.8544540e+00
  5.7878053e-01
  8.7834790e-02
  4.1296444e+00
  8.4079659e-01
 -3.8550386e+00
  2.0916138e+00
  1.9842423e+00
  6.6129154e-01
 -2.4138057e+00
  3.2900237e-02
 -1.7998111e+00
  6.2389153e-01
 -1.1879785e+00
  7.4455729e+00
 -1.2490724e+00
 -1.8325819e+00
  2.5412312e-01
  9.4011404e-02
 -1.6873997e-01
  1.3992444e+00
 -2.4429169e+00
 -1.5367334e+00
  7.9525226e-01
  3.6036394e+00
 -6.7722692e+00
 -3.8062387e+00
  2.1090567e+00
 -1.4260529e+00
  8.4439975e-01
 -1.8265349e+00
 -1.8131909e+00
  2.0879745e+00
 -2.5671945e+00
  5.3524294e+00
 -1.2492421e+00
 -1.1590879e+00
  8.0966628e-01
  4.2231235e-01
  3.2057216e+00
  3.2614110e+00
  3.1246912e-01
  8.7171239e-01
 -6.8873549e-01
 -6.5869004e-01
 -8.8586533e-01
  1.4369521e+00
  1.9469777e+00
 -2.2082385e-02
  5.8315110e-01
 -5.5379409e-01
  4.1198704e-01
 -2.7758391e+00
  2.0533200e-01
 -2.1711142e-01
  2.2026331e+00
  4.4470639e+00
  1.1541897e-01
 -2.1615369e+00
  1.7663323e+00
  2.6829581e+00
 -1.6588868e-01
  9.0287620e-01
 -3.6722502e-01
  9.9225873e-01
  2.8911810e+00
  5.0556219e-01
 -3.2811151e+00
 -2.7796993e+00
 -3.4761855e-01
  2.5869708e+00
 -3.2048831e+00
  2.2782240e+00
  3.5958927e+00
  9.8262686e-01
 -1.5136106e+00
  2.4310081e-01
  2.1050413e+00
  4.9259534e+00
  2.4192658e-01
  1.4127389e-01
 -1.7355897e+00
  1.0150033e+00
  3.8982077e+00
 -1.9189261e+00
 -7.7879596e-01
 -7.9664737e-01
 -2.8523452e+00
  1.3909911e+00
  9.6999623e-02
  2.0126419e-02
  6.6549307e-01
 -6.1801642e-01
 -2.0897012e+00
  5.5903429e-01
  2.3312030e+00
 -1.6031814e+00
 -1.4696563e+00
  2.1153214e+00
  3.6987207e+00
  4.0150562e-01
 -7.5140685e-01
 -5.6772046e+00
  1.2367514e+00
  1.6352150e-01
  1.0385191e+00
  1.1974189e+00
 -2.5820162e+00
 -3.2789836e+00
 -7.3969698e-01
  5.7743688e+00
  1.2520704e+00
 -1.7082347e+00
  5.7444179e-01
 -2.3832142e+00
  1.5926138e+00
 -2.9167473e+00
  1.8734034e+00
  1.5527916e-01
  2.7298424e+00
 -2.2095337e+00
  2.9061937e+00
  4.6063751e-01
 -1.7602065e+00
  5.5411291e-01
  4.2088297e-01
  2.6098135e-01
  4.9485421e+00
  2.2742975e+00
 -1.2064015e+00
  2.4045749e+00
 -2.5342650e+00
 -3.0212085e+00
  8.2287765e-01
  1.0755544e+00
 -9.4015002e-01
  3.1088333e+00
  1.2878063e+00
 -1.4257110e+00
  2.6690485e+00
 -6.0901707e-01
  4.5291171e+00
  4.1100705e-01
  7.2766590e-01
  2.4935367e+00
  6.5973061e-01
 -2.4492638e+00
 -1.7423524e+00
  1.1418296e+00
 -1.0609019e+00
  4.4021797e+00
 -2.8610535e+00
 -7.4678719e-01
  1.7824423e+00
  7.4976122e-01
 -5.0738198e-01
  1.2195938e+00
 -7.6809555e-01
  8.8460088e-01
  2.9026659e+00
  2.0262432e+00
  2.2685778e-01
  4.5701984e-01
 -2.9373389e-01
 -2.3285372e+00
 -1.8446796e+00
  1.8616824e+00
 -1.5831083e+00
  2.0561085e+00
  2.0219705e+00
 -2.3345790e+00
 -1.1973865e+00
 -1.5560482e+00
  2.6184824e+00
  3.9221880e+00
  1.7429354e+00
 -2.4971802e+00
 -2.1082220e+00
  2.9435401e+00
 -1.5451695e+00
 -1.8451705e+00
  5.1950359e-01
 -2.5923135e+00
 -1.0251200e+00
 -2.8783793e+00
 -7.1459407e-01
  1.9390122e+00
  4.2274404e+00
 -2.9829729e+00
 -7.5119865e-01
  2.6050766e+00
 -1.6070668e+00
  4.2871612e-01
 -3.4357817e+00
  6.1041327e+00
 -2.0130858e+00
 -4.6650763e+00
  2.3095961e+00
 -9.5103633e-01
 -2.7528033e-01
  2.9540086e-01
 -2.7031252e+00
  6.3202024e-01
  3.6485639e-01
 -1.0370497e-01
 -1.0348028e+00
  2.0334059e-01
  1.0914029e+00
 -1.4160848e-01
 -1.2902555e+00
  9.0718037e-01
  4.2045512e+00
 -3.5192437e+00
 -1.9222633e+00
  1.6405642e+00
  1.9245760e+00
 -5.6730682e-01
 -1.9556110e+00
 -3.6789734e+00
  1.6731224e+00
  1.1436160e+00
 -2.1487184e+00
 -3.1738818e+00
 -2.4942122e+00
  9.3918884e-01
 -2.4081397e+00
 -3.5906523e-02
 -6.6936359e-02
  3.9392047e+00
  2.2918835e+00
 -3.7409050e+00
 -1.4989421e+00
 -3.4632187e+00
 -1.3459005e+00
 -3.5950926e-01
 -1.9242154e+00
 -3.5614157e-01
 -1.1300571e+00
 -6.6262454e-01
  1.2848369e+00
 -1.6589135e+00
 -7.4882066e-01
 -1.2221050e+00
  3.1160111e+00
 -1.4867638e+00
 -7.6708668e-01
  7.1104604e-01
  1.0423591e+00
 -5.6071424e-01
 -6.7616882e+00
 -1.5118883e+00
 -8.0805922e-01
 -2.3994820e+00
  7.7958089e-01
 -1.3072705e+00
 -3.8368016e-01
  6.4059049e-01
  1.7377549e+00
 -5.7546604e-01
 -2.6342073e-01
 -3.2613990e-01
  2.7024975e+00
 -1.4609330e+00
 -3.6804572e-01
 -1.7691952e+00
  2.5874908e+00
  4.6729116e+00
  1.3619219e+00
 -6.9194088e+00
 -2.4575059e+00
 -2.7766809e+00
  1.1705510e-01
 -4.6121642e-01
 -1.1332209e+00
  2.5437173e-01
  9.0025210e-01
  1.2122099e+00
 -1.9868330e+00
  2.6231716e+00
  3.3060715e-01
  4.1841826e+00
  3.4883966e+00
 -1.6742132e+00
 -1.6959623e+00
  1.0219907e+00
 -1.3686026e+00
 -5.4974008e-01
 -1.5435170e-01
 -1.9414257e-01
 -4.0534272e+00
  1.6682358e-01
 -1.6161561e-01
 -3.9621675e-01
 -1.8693531e+00
  2.1457515e+00
  3.5099936e+00
 -2.8774762e+00
  4.1913481e+00
 -1.6579081e+00
  1.5027409e+00
  2.1485994e+00
  1.0280850e+00
 -8.3368182e-01
 -1.8181750e-01
 -7.5545496e-01
 -7.5329661e-01
  2.3614149e+00
  2.8210390e+00
  1.6078259e+00
  6.2568116e-01
 -1.7904251e+00
 -1.9659487e+00
  1.1557458e-01
  5.2325350e-01
 -2.6746154e-01
 -1.0189420e+00
 -2.2354736e+00
  1.3658468e+00
  3.8893445e+00
 -1.7012807e+00
 -6.2797321e-03
  1.4186332e-03
  1.4972365e-01
  2.1459530e-01
  4.6124742e-03
 -1.8776071e+00
 -2.4414832e-02
  2.7649885e-01
  1.5910064e+00
 -1.7964238e+00
 -7.4345458e-01
 -1.4733257e+00
 -3.9619014e+00
  2.1730831e+00
  7.2996243e-04
 -3.0307157e+00
  4.2141228e+00
 -3.1412117e+00
  8.8850045e-01
 -2.0415444e+00
 -1.0290341e+00
  3.3994493e-01
 -3.4079583e+00
 -1.5509491e+00
 -2.6628094e+00
 -3.1341009e+00
  4.1697116e+00
  5.6168222e+00
 -3.3989251e-01
 -1.0269959e+00
  1.6845431e+00
  2.6594806e+00
 -1.9666407e-01
 -2.9274380e+00
  2.4377222e+00
  4.3383512e+00
 -1.0881830e+00
  2.1043026e+00
  3.3149862e+00
  2.2301918e-01
  5.4533012e-02
  1.1841648e+00
 -6.8410974e+00
 -7.5179976e-01
  2.7979522e+00
 -1.3501203e+00
  2.7740378e+00
  1.6644173e+00
 -6.8946606e-01
  1.6467441e+00
 -1.0953493e+00
  9.5326692e-01
  1.2271296e+00
  1.1737747e-01
  8.1038362e-01
 -2.6326821e+00
  6.8010771e-01
 -1.2692800e+00
 -2.5885327e+00
  7.2651696e-01
 -2.7424910e+00
  3.1744239e+00
 -1.3056874e+00
  1.8668694e+00
  4.3755305e-01
 -1.5318246e+00
  1.6723616e-01
 -4.7519240e+00
  1.9591741e-01
  4.8118825e+00
 -1.5920565e-01
  1.3369933e-01
 -5.2045345e-01
  5.7611048e-01
  2.6371682e-01
  4.8231392e+00
  2.8802500e+00
  5.7082427e-01
 -6.4469033e-01
  2.5443697e-01
 -6.6638627e+00
  5.9706008e-01
  4.9348879e+00
  9.8474616e-01
 -9.2809486e-01
 -2.1440382e+00
 -7.3081160e-01
  1.3044301e+00
  7.8474715e-02
 -2.0347646e-01
 -2.1615379e+00
 -1.9018379e+00
  2.6150215e+00
 -2.1353526e+00
 -2.0131692e-01
  8.2527852e-01
 -2.1368153e+00
 -3.9242454e+00
  2.2429962e+00
  2.9260695e+00
  1.4439052e+00
 -2.1578453e+00
  2.4778647e+00
 -2.7721959e-01
 -1.8449619e+00
  5.8750892e-01
  1.3083994e+00
  9.7120541e-01
 -1.8708168e-01
  1.5179304e+00
  1.7861730e+00
 -3.1611032e+00
  3.7523486e-02
  2.4485137e-01
  1.9739497e-01
 -4.0761590e+00
 -2.2928267e+00
 -1.1421683e+00
 -6.4635384e-01
  1.2725878e+00
  2.2884231e+00
  1.4947339e+00
  7.3573178e-01
  1.5252358e+00
 -1.0358905e+00
  2.1613435e-01
 -1.8325390e+00
  6.0191280e-01
  2.0102296e+00
  7.9332310e-01
 -1.1567862e-01
 -3.7323910e-01
  4.2463768e-02
 -1.3394467e+00
  2.7702765e+00
 -2.6814938e+00
  4.0693130e+00
 -1.1231267e-02
  8.4591585e-01
 -4.5223486e-01
  3.5876098e+00
  8.3918220e-01
  1.7782563e+00
 -4.1037159e+00
  1.7591313e+00
 -4.6165333e+00
  4.4151049e+00
 -9.5194882e-01
 -4.0502548e+00
 -6.0269535e-01
  2.3482997e+00
  2.9374218e-01
  1.8127677e+00
  1.5884778e+00
  3.0191493e-01
 -2.5045538e-01
 -2.1944506e-01
 -1.1409144e+00
 -8.4518182e-01
  3.2499139e+00
 -2.2332354e+00
 -2.5166675e-01
  3.8416639e-01
 -2.2747297e+00
  1.2032408e+00
 -2.7590063e+00
 -9.3723536e-01
 -1.6744260e+00
 -8.2226366e-01
 -3.0114737e-01
  1.1396513e+00
 -2.7285714e+00
 -5.2585703e-01
  2.9192376e-01
  4.5556241e-01
  6.3803582e+00
  4.3277006e+00
 -1.3181069e+00
 -1.5975483e-01
  1.0362161e+00
  1.7552732e+00
 -7.5753345e+00
  7.0921504e-01
  8.8919437e-01
 -2.0301838e+00
  1.0239546e+00
  2.7264061e+00
 -2.5627298e+00
  1.8658006e-01
  2.3341660e+00
  2.8283150e+00
 -1.7579305e+00
 -7.7099061e-01
  8.8501143e-01
 -5.3609161e+00
  4.1661859e+00
 -3.1779039e+00
 -6.7754426e+00
 -3.6877856e-01
  5.1874483e-01
  3.3812566e+00
  2.8302636e+00
  5.8290172e-01
 -2.0517124e-01
  2.4112136e+00
  1.3938693e+00
  2.4850056e+00
 -4.1780128e+00
 -2.6226280e+00
 -1.0033609e+00
  6.1667591e-01
 -4.6339321e-01
 -3.0597648e-01
 -3.4179451e+00
  1.3008181e+00
 -8.6888021e-01
 -3.1503997e+00
  9.0085047e-01
  4.7187117e-01
  2.9444165e+00
 -1.9404360e+00
  1.1872557e+00
 -2.3942323e+00
 -1.2513442e+00
 -2.7553847e+00
 -3.2994599e+00
 -1.3350906e+00
 -2.2593074e+00
 -1.4327003e+00
  9.1509664e-01
  2.7234974e+00
  1.0981889e+00
  2.6957333e-01
  7.5203562e-01
  1.8489147e+00
 -1.3476598e+00
 -9.1436207e-02
 -2.0552995e+00
  1.6640673e+00
  6.4301026e-01
 -1.5068521e+00
  6.7654592e-01
  1.2322195e+00
  1.4112984e+00
  2.7372060e+00
  1.6052858e+00
 -1.2123336e+00
  1.7515106e+00
  1.8534650e+00
 -5.7294077e-01
 -2.4452348e+00
 -4.6464744e+00
  2.0998926e+00
  3.6281095e+00
 -4.2792341e-01
 -6.0017198e-01
  2.5077754e-01
  2.7523634e+00
  2.0182046e-01
  2.4160178e+00
 -1.9417583e+00
  1.8793164e+00
 -1.9906535e+00
  1.7111504e+00
 -1.2039221e-01
  1.5167013e+00
 -2.7337739e+00
  3.1115947e+00
 -7.4088013e-01
  6.6360319e-01
 -2.4940319e+00
 -4.3457637e+00
 -4.4587478e-01
 -4.1756496e-01
  3.6611699e-02
  1.8302512e+00
  6.4233148e-01
  1.5342453e+00
 -5.6892806e-01
  2.0566349e+00
 -7.8840174e-02
 -3.4720669e+00
 -2.5087049e+00
  1.6761146e+00
  3.5184636e+00
 -1.6125002e+00
  7.3614464e+00
  2.1626360e+00
  1.0586696e+00
  6.6910470e-01
  1.7074760e+00
  6.6552621e-01
 -3.5657725e-01
  1.9086906e+00
  5.0962372e+00
  1.8601596e+00
  1.5309784e+00
 -1.4539680e+00
  2.5744039e-01
  9.4912684e-01
  2.5274628e-01
 -9.7854096e-01
  1.2611556e+00
  4.5631093e-01
  3.0058091e+00
 -9.7249381e-02
 -3.6987540e-01
 -2.7853022e+00
  2.7312040e+00
 -1.3214130e+00
  1.7732985e+00
  2.4579818e+00
  4.4230714e+00
  3.0636532e+00
 -3.7012646e+00
  3.5077350e+00
  2.3516588e-01
 -9.4527788e-02
  2.4673574e+00
 -8.6558998e-01
 -1.8555524e+00
  1.3036273e+00
  1.7067822e+00
  1.4865263e+00
 -1.1799391e-01
  1.2253703e-01
  2.4943547e+00
 -4.4645232e-01
 -2.0071800e+00
  2.9754984e-01
  3.7745807e-01
 -1.7278405e+00
 -1.1362795e+00
 -1.0751033e-01
  1.5591995e-01
  6.7340904e-01
 -3.1467698e+00
 -3.5633045e-01
  3.3917365e+00
  7.8190356e-02
  4.2551017e+00
  3.0326648e+00
 -4.0916238e+00
  5.0747156e-01
  3.2345033e+00
 -1.4228641e+00
  4.8382628e-01
 -3.3416343e+00
  3.1542945e+00
  1.0396935e+00
 -2.9355745e+00
  1.5536866e+00
  1.2667574e+00
  4.3363357e+00
  3.9932473e+00
  1.2178104e+00
 -7.4979508e-01
 -4.0731451e-01
  3.0963537e-01
  2.0436478e-01
 -6.2952560e-01
 -1.7466302e+00
 -3.0222635e+00
 -3.4118381e+00
 -7.3192194e-02
 -2.7917154e+00
  2.8557458e+00
 -4.7829008e-01
  2.2132905e+00
 -1.1867356e+00
 -1.4617449e+00
  1.6145121e-01
  6.5346372e-01
  6.0779977e-01
  1.5984190e+00
 -2.4270463e+00
 -5.1154838e+00
 -8.7084007e-01
 -2.3602784e+00
  4.8169303e+00
 -9.6444905e-01
 -8.3053362e-01
  2.2701292e+00
  1.3858376e+00
  1.1146275e+00
  7.4465723e+00
  9.6988487e-01
 -3.6975378e-01
 -2.8839654e-01
 -1.1816603e+00
  5.6189165e+00
  1.3018777e+00
 -5.7102221e-01
  2.0997791e+00
  5.4708128e+00
 -2.4139049e+00
 -9.9152762e-01
 -6.7973876e-01
  3.3912575e-01
  6.4532099e+00
 -1.2632283e+00
  4.0528655e-01
  2.5568657e+00
  4.2743802e+00
  1.2443689e+00
  1.9054879e+00
 -8.6462343e-01
 -7.3924637e-01
 -1.6762407e+00
  5.1048460e+00
 -2.0330083e+00
  4.9345025e-01
  4.1387758e+00
 -2.0910561e+00
 -2.2915368e+00
 -4.4075589e+00
  2.5790603e+00
  2.0767920e-02
 -2.5724573e+00
 -5.2899327e+00
 -3.5655258e+00
 -2.8474839e+00
  9.2321682e-01
 -1.9025010e+00
 -2.3525538e+00
 -8.8069642e-01
 -6.2536092e+00
 -1.1746632e+00
 -5.2913070e+00
 -4.8683429e+00
 -8.1974107e-01
  3.4646728e+00
  4.9890976e+00
  5.7833195e+00
 -5.3197632e+00
  2.1518934e+00
 -2.7200845e-01
 -2.0240474e+00
 -1.3300936e+00
  3.4107161e+00
  4.2962198e+00
  3.5312836e+00
 -1.3269957e+00
 -1.1070658e+00
  2.6189377e+00
  4.0049300e+00
  3.4219007e+00
  4.5695810e+00
 -2.6067216e+00
  2.9302289e+00
  2.8870244e+00
 -1.6045591e+00
 -2.8140264e+00
  2.2778473e+00
  4.5108375e-01
 -1.6690309e+00
 -3.2728989e+00
 -8.6400449e-01
  3.2578039e+00
  3.0374579e+00
  4.0005918e+00
 -6.1753154e-01
  3.1503563e+00
  2.0615129e+00
 -2.7324090e+00
  3.8623221e+00
 -3.7752829e+00
 -1.5450802e-01
  8.9097319e+00
  4.1128411e+00
  2.9153533e+00
 -3.3622637e+00
  3.8423803e+00
 -4.2175865e+00
 -1.3683125e+00
 -2.2243080e+00
  1.8531843e+00
  6.8551397e-01
 -1.6747147e+00
 -3.8920441e+00
 -1.2742032e+00
 -2.0248694e+00
 -2.4331719e-01
 -9.2065245e-01
 -1.5939546e+00
 -3.7443250e-01
 -3.3727429e+00
 -1.2174652e+00
 -2.8218277e+00
 -2.3026447e+00
 -7.8865850e-01
  4.4078894e+00
  2.9645200e+00
  1.8139054e+00
 -3.6762326e+00
  6.4596438e-01
 -2.5890145e-01
 -3.5991356e+00
 -1.9073843e+00
  3.8116710e+00
  4.9868240e+00
  2.9552705e+00
 -1.3057914e+00
 -1.5790093e+00
  7.4360210e-01
  8.8945949e-01
  3.8471248e+00
  3.4425297e+00
 -2.4571462e+00
  3.7281041e+00
  1.1451817e+00
 -3.0632940e-01
 -3.8926415e+00
  2.7112110e+00
  2.2484848e+00
 -1.8011955e+00
 -1.7886800e-01
 -1.6406780e+00
  2.0424423e+00
  2.3970833e+00
  2.0054417e+00
 -1.3610098e+00
  8.5933858e-01
  3.6950133e+00
 -2.2063992e+00
  2.3125215e+00
 -3.1609867e+00
  4.3532068e-01
  1.6136709e+00
  8.0383682e-01
  4.1998091e+00
 -2.3656378e+00
 -1.2515548e+02
  1.4828948e+00
 -1.0327502e+00
  3.4346480e+00
  1.4953507e+00
  3.0531404e+00
  9.7100860e-01
 -1.8187594e+00
 -2.5983438e+00
 -1.9216168e+00
 -3.4981081e-01
  1.9904046e+00
  2.9363966e-01
 -6.8246365e-01
  2.3731258e+00
 -8.1393790e-01
  1.3190795e+00
  3.0752087e+00
  2.3013122e+00
  2.7195969e+00
  1.7010177e+00
 -6.3680398e-01
 -1.3972137e+00
 -2.0901997e+00
  2.7630344e-01
  8.1831318e-01
  1.1666638e+00
  1.5672480e-01
  2.2655973e+00
 -4.0269351e-01
  6.6104954e-01
  2.3478616e-02
  4.8999986e-01
  7.9503447e-01
  1.2428446e+00
  6.4293724e-01
  4.4884160e-01
 -1.0312623e+00
  1.0114875e+00
 -8.8722664e-01
 -4.8115206e-01
  2.0511858e-01
 -1.5512744e-01
 -1.5931641e+00
  2.4924874e-02
  3.2155001e-01
  2.8961902e+00
  2.0214312e+00
  4.2783036e+00
  1.9768090e+00
  2.5602257e-01
  1.0518286e-01
 -2.4020178e+00
 -1.7801889e+00
 -5.5353866e+00
 -1.4627680e+00
 -1.2249802e+00
  1.8046790e+00
 -2.3304858e+00
  7.1734893e-01
 -6.8753159e-01
 -1.6349865e+00
 -2.4845808e+00
 -2.8684437e-01
  1.7361742e-01
 -9.9270654e-01
  1.0537876e+00
 -5.8114314e-01
 -1.7584465e+00
 -7.8155655e-01
  4.9237028e-01
 -1.0631670e+00
 -3.4006986e-01
 -1.0445805e+00
 -1.3971221e+00
 -9.2421740e-01
 -1.5307639e+00
 -1.3091490e+00
  1.6642736e-01
 -9.4315666e-01
  3.4336305e-01
 -3.1406159e+00
 -3.6381664e+00
  1.1299498e+00
  1.5095086e+00
 -6.5468627e-01
 -7.1968299e-01
  3.9525799e-02
  7.6822001e-01
 -2.4354599e+00
  6.4785200e-01
  2.5980690e+00
 -6.4247227e-01
 -2.7191713e-01
 -1.2676708e+00
  1.0131042e+00
  1.0961477e+00
 -3.1544429e-01
 -3.4781747e+00
 -1.6594230e-01
  1.0384986e+00
  2.4521765e-01
 -3.4343836e-01
 -4.9314943e-01
  2.2724727e-01
 -3.0064164e-02
  1.1843163e+00
 -1.5023030e-01
 -8.2438821e-01
  1.5654980e+00
  1.5188824e+00
  2.1294179e+00
  1.3546334e-01
  4.7080228e-01
  3.4105003e+00
  2.0560467e+00
 -2.8047523e+00
 -7.4365012e-02
  1.2255512e+00
 -1.2694454e-01
 -9.1327256e-01
 -1.0215800e+00
 -1.2280682e+00
 -4.2373071e+00
 -2.8955117e-01
 -2.9383473e+00
 -4.3981290e+00
 -5.4024982e-01
  1.2052882e+00
 -3.9192590e-01
 -2.7045257e+00
  1.7759964e+00
  2.3302870e+00
 -2.9508567e-01
 -6.1949342e-01
  1.0452095e+00
 -2.2447424e-01
  1.2779160e+00
  1.5895550e+00
 -1.9720289e+00
 -1.7605612e+00
 -6.8454343e-01
  2.8495374e-01
 -1.4317505e+00
 -2.1545818e+00
 -1.9601753e+00
 -6.7210931e-01
  1.3595502e+00
  7.7870101e-01
  5.6941348e-01
  2.4435246e+00
 -1.5441595e+00
 -4.1273494e+00
 -1.3211833e+00
 -4.3507081e-01
  1.3650416e-01
  1.3102971e+00
  1.6048396e+00
 -2.0938167e-02
 -8.9871752e-01
  2.2294481e+00
  1.2806646e+00
  1.2305748e-01
 -1.1485404e+00
 -1.1010319e+00
  1.0030019e+00
  9.4167978e-01
  1.1041939e+00
 -4.5547614e-01
 -9.7703660e-01
 -4.1713044e-01
  9.2881525e-01
 -9.0095341e-01
  5.5766332e-01
  1.3940742e+00
 -2.7036136e-02
  7.2256774e-01
 -1.2609786e+00
 -2.9837763e+00
 -8.2512516e-01
  7.2180018e-02
  8.6417116e-02
  4.6751454e-01
  4.8508251e-01
 -3.8608342e-01
 -2.1514460e-01
  3.4756473e-01
  3.4397933e+00
  1.9076999e-01
 -1.5759414e+00
 -7.5746089e-01
 -1.7504451e+00
 -1.5519413e-01
  5.3357846e-01
  8.8888884e-01
 -7.0009065e-01
 -5.9366846e-01
  8.1008089e-01
  7.6494461e-01
  2.0219836e+00
  9.5972461e-01
  1.2442333e-03
 -1.7134489e-01
 -2.7764788e-01
  1.7293379e+00
  2.8054535e-01
 -1.9603173e-01
 -2.3522717e-01
  5.4884475e-01
  6.5612894e-01
 -8.3388045e-02
  3.3503544e-01
 -1.2380095e+00
  3.9780930e-01
 -4.5230698e-02
  7.0954090e-01
 -5.8766657e-01
 -9.1141200e-01
 -2.2654796e+00
 -3.9680788e-01
  3.3641529e-01
 -7.1387571e-01
  3.7597065e+00
  2.8906375e-01
 -1.0179099e+00
 -1.0088673e-01
 -8.2171261e-01
  2.1307302e+00
  4.3486536e-01
  9.4018871e-01
 -3.8815118e-02
 -3.2498783e-01
 -5.8253956e-01
 -9.6795201e-02
  2.6904205e-02
 -1.4005258e+00
 -1.8867515e-01
 -7.3785347e-01
  1.2157205e+00
 -5.7281816e-01
 -2.1714611e-01
  7.3570567e-01
  1.6491308e+00
 -5.1808518e-01
 -9.1319448e-01
  7.0554864e-01
  1.0374457e+00
 -4.7179088e-01
 -6.7988330e-01
  5.8932155e-01
  4.0813395e-01
 -2.1769382e-01
 -5.2651137e-02
  1.1515697e+00
  1.4515475e+00
  1.7039293e-01
 -5.1807714e-01
 -9.7512203e-01
  3.1882426e-01
 -2.6287858e+00
 -1.5664886e+00
  2.5603369e-01
 -5.3969240e-01
 -1.0969601e+00
  1.8389223e+00
 -2.9447269e-01
 -6.6093698e-02
 -9.0165454e-01
 -1.6513970e+00
 -9.8678029e-01
  8.1155759e-01
  9.3057615e-01
 -8.5923749e-01
 -1.4929870e-01
 -1.8356403e+00
  1.0624552e+00
 -1.8758303e-01
 -2.8887993e-01
 -1.6475780e+00
  5.0465804e-01
  1.5044036e+00
 -9.2034155e-01
 -3.2405818e-01
  3.4085169e-01
  6.2479854e-01
 -8.6758220e-01
  1.0083424e+00
 -2.2661185e-01
 -2.9130358e-01
 -1.5188155e+00
 -3.7037492e-01
 -2.4990268e-02
  9.9853599e-01
 -1.4691087e+00
 -3.5584405e-01
 -9.3758595e-01
 -1.1070009e+00
  1.8473958e+00
 -1.4364486e+00
 -1.1293370e+00
 -2.7233064e+00
 -1.0137503e-01
 -6.2097687e-01
  1.4085820e+00
  1.4883090e+00
 -8.8876468e-01
  2.6146321e+00
  6.1234409e-01
  5.0850588e-01
 -1.7331147e+00
  1.6538482e+00
 -1.0349886e+00
 -2.5118487e+00
  6.5561837e-01
 -3.2635877e-01
 -2.9878607e-01
 -7.3088020e-01
  1.1480206e+00
 -1.3812026e+00
  4.6409321e-01
  1.5630240e+00
  9.3367028e-01
 -4.4569558e-01
  2.9367855e-01
  1.5055668e+00
  1.3693916e+00
 -8.0872512e-01
 -2.1894900e-02
  8.0162227e-01
 -3.8561909e+00
  3.8091907e-01
 -8.9554936e-01
 -1.9675913e+00
 -2.0119140e-01
  2.4756815e+00
 -1.1703004e+00
 -4.9359500e-01
 -1.8185507e-01
  4.4125095e-02
 -5.7248241e-01
  8.8716373e-02
 -1.8705720e+00
 -1.0630571e+00
 -1.7122818e+00
 -8.5492492e-01
 -1.4542490e-02
 -4.7509968e-02
  1.5482664e+00
 -6.4764851e-01
 -3.4235752e-01
 -4.6888825e-01
  2.1536005e-01
 -9.0858346e-01
  4.5059629e-02
 -3.4555280e-01
  2.5825021e-01
  4.7013474e-01
 -3.1643841e-01
 -2.9548770e-01
 -6.6075194e-01
 -1.3223054e-01
  2.9349174e-02
  2.9349174e-02
  2.9349174e-02
  2.9349174e-02
  2.9349174e-02
  2.0425856e-01
  2.0425856e-01
  2.0425856e-01
  2.0425856e-01
  2.0425856e-01
  1.6406114e-01
  1.6406114e-01
  1.6406114e-01
  1.6406114e-01
  1.6406114e-01
  5.0968606e-02
  5.0968606e-02
  5.0968606e-02
  5.0968606e-02
  5.0968606e-02
  2.4741443e-02
  2.4741443e-02
  2.4741443e-02
  2.4741443e-02
  2.4741443e-02
  1.6266836e-01
  1.6266836e-01
  1.6266836e-01
  1.6266836e-01
  1.6266836e-01
  8.9403339e-02
  8.9403339e-02
  8.9403339e-02
  8.9403339e-02
  8.9403339e-02
