nep4_zbl 2 Ga In 
zbl 1.25 2.5 0.7
cutoff 6 5 68 39
n_max 4 4
basis_size 8 8
l_max 4 2 1
ANN 60 0
 -1.9248118e+00
  2.2363045e+00
 -8.3877814e-01
  8.6582249e-01
  1.4562693e-01
 -2.1562998e-01
  4.1611809e-02
 -6.9154871e-01
  1.5156393e-02
  2.0678340e-01
 -7.8104086e-02
  3.7946156e-01
 -2.1893379e-01
  5.1826644e-01
  1.3194928e+00
  3.1868324e-01
  1.0344805e+00
 -1.1844648e-01
  3.8566336e-01
 -2.8594467e-01
  3.8065171e-01
  1.0194619e+00
 -7.3794657e-01
  3.4420887e-01
 -7.6794738e-01
  2.5675711e-03
  3.0291954e-01
 -3.9580232e-01
 -1.3930100e-01
 -3.9903570e-02
 -6.3914783e-02
 -2.1137942e-01
 -6.2329583e-03
 -3.0037257e-01
  1.0675415e-02
 -7.7761787e-01
 -1.2482331e-01
 -5.2872133e-02
 -1.1453229e+00
 -5.7974017e-01
  8.0234148e-02
 -9.5568493e-02
  3.5928406e-02
 -2.5305104e-02
  7.4027829e-02
 -4.7508370e-02
  4.5603449e-03
 -3.9230261e-02
 -1.9021036e-02
  2.4463490e-02
 -2.6269251e-02
  2.1763969e-02
  3.4010131e-02
  6.0160492e-02
  4.4870712e-03
  6.9825739e-02
  4.0999283e-03
 -2.9507795e-02
 -5.1806681e-02
  9.0655297e-02
  5.6176431e-02
  1.4102609e-02
 -5.2883919e-02
 -3.1027019e-02
 -9.6180387e-02
 -7.2042204e-02
  8.9048725e-03
 -1.9190494e-02
 -8.4610961e-02
 -2.3856428e-03
 -8.4768939e-01
 -4.6962466e-02
 -8.7593690e-02
 -1.1740049e+00
 -3.7023455e-01
 -3.6322869e-02
  6.0213562e-02
  8.8746855e-03
  1.4158267e+00
 -1.2035218e-02
  3.0171739e-02
 -3.7552405e-03
  2.1786328e-02
  2.9829614e-02
  7.4309506e-02
  1.2552144e-02
 -5.7756413e-02
 -1.0968815e-02
 -4.7680405e-03
  3.4647666e-02
 -2.8716347e-01
 -1.1599225e-01
 -2.1027580e-02
 -5.5495013e-02
  2.8998028e-02
  2.1703450e-02
  3.4018241e-02
 -1.2834826e-02
  4.4666458e-02
 -2.7672848e-02
  1.5343424e-02
 -4.5206430e-03
  6.8472214e-02
 -1.7372986e-02
  3.9363474e-02
 -7.9227710e-01
  2.3420408e-02
  1.6915035e-02
 -1.0907754e+00
 -2.6947969e-01
  3.6214434e-02
  3.9882213e-02
 -3.0240616e-02
  3.4083422e-02
  7.5031951e-02
 -6.4450381e-03
  3.7761949e-02
  2.0396631e-02
  7.8547753e-02
 -1.8575089e-02
 -2.5349958e-02
 -4.9518161e-03
  2.2857124e-03
 -2.4373621e-02
 -2.7990552e-02
 -3.5391480e-03
  6.0000047e-02
  1.7901227e-02
  9.3068043e-03
  3.2866962e-02
 -1.4960829e-02
  1.4946447e-02
  2.9367829e-02
  3.0305427e-02
 -1.8022690e-02
 -1.9611358e-03
 -1.3019482e-02
 -1.0468405e-01
  2.4931056e-03
  4.5615692e-02
  2.1573536e+00
 -1.2927451e+00
  7.4228913e-02
 -1.4186023e+00
 -5.1903939e-01
  3.0838439e-01
  7.8229469e-01
  5.1809376e-01
  8.9986295e-01
  2.7883914e+00
 -2.2021885e-01
  8.0237085e-01
  2.9684534e-02
  1.3835053e-01
  1.0622389e+00
 -5.5376731e-02
  3.9148358e-01
  2.4899015e-01
  1.0668627e+00
 -2.3101486e-01
 -3.6937784e-02
  2.1793669e-01
  1.1404072e-02
  9.3806249e-01
 -3.6290869e-02
 -6.2504224e-02
  3.1129489e-02
 -2.1069886e-01
 -3.4943813e-01
 -4.9218126e-02
 -1.1084490e-01
 -1.7094547e-02
  2.6807344e-02
 -1.3714321e-01
  1.0399282e-02
 -5.1300579e-01
  3.0500053e-03
 -2.2499762e-01
 -1.4349965e+00
 -5.0924653e-01
  3.2019679e-02
  4.2241206e-03
  1.2985511e-02
  2.5800040e-02
  3.1874232e-02
 -2.5009410e-02
  3.8468979e-02
 -4.3758027e-02
  5.7079952e-04
 -4.7606733e-02
 -3.5098135e-02
 -2.5068186e-02
  8.5201366e-03
 -5.2610148e-02
 -1.1939296e-02
  1.3371959e-01
  4.6807071e-03
  4.0401153e-02
 -9.2827901e-03
 -1.8152948e-01
  2.2290219e-02
 -2.6134826e-02
 -8.2929075e-02
 -2.6051641e-01
 -8.9568973e-02
  1.3177173e-01
 -1.9529922e-02
  2.8158941e-03
 -3.9409060e-02
  1.3015875e-01
  9.7717983e-01
 -1.0710981e-02
  1.1521274e-01
  9.3719959e-01
  5.7191465e-02
  1.1117426e-04
  2.5597438e-02
  2.8505906e-02
 -3.3694983e-02
 -2.1164665e-02
 -1.7028514e-02
  2.2965983e-02
  3.4853043e-03
  1.5405342e-02
  4.1131619e-02
  1.4053812e-02
 -6.4363373e-03
  3.2443821e-02
  3.6118671e-02
  6.0160618e-02
  1.3283237e-03
 -6.5232299e-02
  1.0066607e-02
  1.7896360e-02
  2.1048196e-02
  1.1600724e+00
  3.0274367e-02
 -3.5963539e-02
 -1.6517634e-02
 -7.6741636e-02
  1.4011426e-02
 -3.9295647e-03
  5.3059150e-02
 -7.1627903e-03
  6.0144037e-02
 -1.9365423e+00
  1.7215176e-02
 -2.1529390e-01
  1.1687184e-01
 -5.4612607e-01
  3.7090931e-02
  5.4045867e-02
  1.0556023e-01
  8.2799196e-03
  5.5289276e-02
  3.1357918e-02
  1.5378856e-02
 -8.6508572e-02
 -4.4993707e-03
  6.7648990e-03
 -1.4218135e-02
 -4.8313349e-02
  9.5469967e-02
 -1.1732183e-02
  1.4991133e-02
 -2.6623962e-02
  3.9677359e-03
 -2.5475657e-02
  3.7517406e-02
  1.1146031e-02
  9.5034331e-02
  1.7630041e-02
  1.1811795e-01
 -2.4527763e-01
 -9.6888117e-02
  2.3425689e-02
  2.8155444e-04
  7.7608763e-04
  3.3047706e-02
  2.1725686e-02
  1.4627902e-01
 -1.4768045e+00
 -2.0715725e+00
  8.6402959e-01
 -5.1820934e-01
 -1.7288370e-01
 -8.5267466e-01
 -3.1155926e-01
 -1.3496391e+00
 -9.9737281e-03
  2.7362096e-01
 -3.2694933e-01
  3.1877699e-01
 -7.1764636e-01
 -1.0433815e-01
 -6.4129990e-01
 -6.7241150e-01
  3.9212355e-01
 -7.2154486e-01
  3.4057025e-03
 -1.0480552e-01
 -2.6375245e-02
 -4.5293292e-01
 -3.7229353e-01
  6.0109711e-01
  1.7851800e-02
  6.4188845e-02
  2.4778424e-02
  5.7955487e-03
 -2.9511096e-02
  2.1500323e+00
  3.3258285e-02
 -5.0302342e-02
 -3.9421715e-02
  1.7585474e-01
  9.2003083e-01
 -9.5246218e-02
  1.3072807e-01
  1.6515476e+00
  1.4424883e-01
 -2.5826866e-02
 -4.5170169e-02
  3.0810550e-02
  7.9309650e-02
 -3.2379411e-02
  9.1174267e-02
 -1.4800238e-03
  3.9602458e-02
 -4.7725216e-02
 -8.2683869e-02
  5.0116595e-02
  1.0113651e-01
 -5.0215706e-02
  2.1093814e-01
 -5.3712092e-02
 -9.9209473e-03
 -6.1230145e-02
 -1.0760870e-01
 -4.8866263e-03
  4.3175444e-02
 -6.0536124e-02
 -2.9605288e-02
  7.9671994e-02
 -3.2623375e-03
 -1.7025203e-02
  4.3382928e-02
 -8.5561667e-03
  2.4304120e-02
  1.0233960e-02
 -1.6577568e-02
 -9.0389192e-01
 -6.1556142e-02
 -5.4735512e-02
 -9.9540800e-01
 -3.2324421e-01
 -3.7367046e-02
 -2.3145529e-02
  2.5266731e-02
 -2.6562430e-02
  4.4276547e-02
  2.9376289e-02
  9.3304753e-02
  1.6905373e-02
  3.9310802e-02
  2.3915820e-02
  4.6172123e-03
 -4.5866951e-02
  8.1051640e-02
 -5.5928130e-02
  1.6043957e-02
 -4.6636384e-02
 -1.6503310e-02
  6.3675791e-02
 -3.9132619e-03
 -1.1929493e-02
 -1.3410119e-02
 -3.1641714e-02
  1.2492114e-02
  3.0459423e-02
 -1.5765861e-02
  1.6531361e-02
  9.3914434e-02
  1.2014668e-01
 -2.4458744e-02
 -3.1610072e-02
  7.3179710e-01
 -1.8784240e-02
  1.7098591e-01
  1.1026263e+00
  3.8140875e-01
 -6.2955376e-03
  2.6289586e-02
 -1.1816674e-01
  2.7608886e-02
  1.5527597e-03
 -4.3467425e-02
  6.7322142e-03
  1.8212331e-02
  6.2346432e-02
  2.2315823e-02
 -7.9677198e-03
  9.9904440e-02
 -1.0317081e-01
  1.9493805e-01
  1.6894480e-02
  3.0393386e-02
  1.7800391e-02
  4.0197976e-02
  1.3965766e-02
  3.4913257e-02
 -8.0118805e-02
  3.3409186e-02
  1.1177686e-03
  6.7870200e-02
 -7.1747191e-03
 -5.2474052e-02
 -5.7667982e-02
  7.0649922e-02
  1.4104676e-01
 -9.1796264e-02
  1.2177453e+00
 -1.3182274e-02
  1.0796233e-01
  8.9212239e-01
  2.4032320e-01
  1.5896864e-02
 -1.4913506e-02
  5.8394307e-03
  1.9079642e-02
 -8.6725496e-02
  4.0880382e-02
 -1.0795542e-01
 -7.0315242e-02
  1.7632445e-02
  8.1109973e-03
  1.5372097e-02
 -1.2383475e-02
 -3.0372025e-02
 -2.2058206e-02
 -2.3201210e-02
 -5.8522716e-02
 -2.8016968e-02
 -4.2824447e-02
 -1.3069886e-01
  4.8775740e-02
 -2.4213823e-03
  7.6431923e-02
 -3.2042620e-01
 -1.2752354e-01
 -1.3923905e-02
  3.7090156e-02
 -2.5914870e-02
 -1.5601901e-02
 -7.7856012e-02
  5.6736101e-03
  5.8359700e-01
  1.0549023e-02
  1.1812190e-01
  9.6357125e-01
  1.6611542e+00
 -2.6052252e-03
 -1.3975851e-02
  6.6133298e-02
 -5.2926037e-02
  2.4656919e-03
 -1.7621556e-02
 -4.0278278e-02
 -4.7177754e-02
 -4.3771523e-03
 -1.2779422e-03
  4.1046057e-02
  4.6043964e-03
  2.4660507e-02
  7.3860623e-02
  6.4422145e-02
  2.3909576e-02
  7.8156078e-03
 -1.7999031e-02
  2.3524875e-02
  2.3659827e-02
 -2.9469324e-02
  3.7001409e-02
 -1.9914859e-03
 -1.7074578e-03
  5.6019197e-03
  2.6278734e-02
 -1.0477331e-02
  5.0272379e-02
  9.7725138e-02
  2.6821546e-02
 -8.6304116e-01
 -4.4674754e-02
 -8.3472066e-02
 -1.3031340e+00
 -2.6797700e-01
  1.2978194e-03
  6.6765033e-02
  6.8629228e-02
  1.1929624e-02
  3.7042617e-03
 -4.6222728e-02
 -2.7979312e-02
  9.5284199e-03
  6.5938994e-02
 -8.6940806e-03
 -3.8935386e-02
  5.7251424e-02
  7.6313334e-04
 -5.5496454e-02
 -3.5046682e-02
  2.6849380e-02
  6.4166270e-02
 -4.6836659e-03
 -1.0603558e-01
 -1.0507188e-02
  5.2015716e-03
  5.8876980e-02
  1.4027774e-01
 -7.3543196e-03
  3.6860593e-02
  1.4154372e-02
  1.7415531e-02
  2.6147733e-02
 -2.8653026e-02
  1.6748855e-02
  1.0708817e+00
 -1.4912232e-02
 -1.2487877e-02
  1.2719257e+00
  7.3854282e-02
 -6.2013015e-02
  7.4087396e-02
 -6.8054334e-03
 -3.2598503e-02
  7.6375571e-03
 -2.1502348e-02
 -4.0094212e-02
 -2.7875299e-02
 -9.3554650e-03
  1.6078455e-02
 -5.2049424e-02
  4.6145722e-02
  9.7063206e-02
  3.0824648e-02
  2.1075729e-01
 -1.6624628e-02
  7.9937145e-02
  1.0689296e-01
 -1.3516258e-02
  5.8767791e-03
  1.4473089e-02
  1.5128887e-02
  1.0417026e-02
  1.9669377e-03
 -5.1437654e-02
 -5.6649070e-02
 -7.4776329e-02
  2.5849814e-02
  1.4694459e-02
 -5.1657569e-02
 -7.4428123e-01
 -2.4323557e-02
 -1.7155553e-01
 -1.2765930e+00
  9.7458819e-03
 -2.2463747e-03
  8.3026811e-02
  5.4916032e-02
  7.7490741e-04
 -7.5398356e-02
 -1.1040958e+00
 -4.1293884e-03
 -1.0630263e-01
 -1.8718669e-02
  6.4229354e-02
 -4.0818304e-02
  5.3697839e-02
 -1.6246270e-02
 -1.2824431e-01
 -1.6496094e-03
  7.4017234e-02
 -2.2911582e-02
 -1.7485568e-02
 -1.9545831e-02
 -6.2406706e-03
 -7.7002130e-02
 -5.4629147e-02
  2.9549720e-02
  2.4841581e-03
  5.9950050e-02
 -1.3377187e-01
 -1.6560417e-02
 -9.4573483e-02
  7.4165434e-02
 -2.5985280e-02
  1.0320151e+00
  1.1474995e-01
  1.3670842e-01
  1.2740778e+00
  2.1159236e-01
 -3.0388057e-02
 -1.1184854e-02
  8.7470394e-03
  7.4801436e-03
 -6.8221479e-03
  1.2131547e+00
  4.6027694e-02
 -2.6858766e-02
 -1.5810876e-01
  1.5529095e-02
 -5.4189090e-02
 -5.3445973e-02
 -2.3308504e-02
  8.1977053e-03
 -1.3014718e-02
  2.7950829e-01
  5.1342528e-02
 -5.4373257e-03
  3.3465270e-02
  2.5568623e-03
  1.6646605e-02
  4.2938330e-04
  3.6643688e-02
  5.1966138e-02
 -4.0000483e-02
  2.0534065e-02
 -3.8100310e-02
 -4.2829845e-02
 -7.8016922e-02
 -4.6314616e-03
 -7.4194133e-01
 -3.4529921e-02
 -3.4718655e-02
 -9.4979787e-01
 -3.2187080e-01
  6.5483645e-02
  2.5632113e-02
  1.2368859e-02
 -6.7940749e-02
  6.3581667e-03
  2.1997644e-02
  1.0743217e-01
  2.0527165e-02
  2.2072671e-03
  3.0189661e-02
  1.5632866e-02
  8.4267221e-02
  2.3203235e-02
  2.0594630e-02
  2.4108134e-02
  4.7316324e-02
 -7.0740394e-02
  3.8929939e-02
 -3.7724115e-02
  1.4074352e-04
  1.4855501e-03
 -1.1129500e-02
 -2.9289961e-02
 -1.4222822e-02
  1.4081935e-02
 -9.0261875e-03
  7.4689046e-02
  3.0904233e-02
  9.5725521e-02
  5.5590685e-02
  9.8356158e-01
  1.0549961e-01
  4.9865421e-02
  8.3069927e-01
  2.5841224e-01
  3.0873327e-02
  1.1833959e-02
 -3.4595713e-02
  1.8745057e-02
  2.6707362e-02
 -2.6401013e-02
 -3.5871409e-02
 -2.1406095e-02
 -5.3970497e-02
 -4.4236042e-02
 -8.4109344e-03
  6.4128816e-02
  1.2268567e-02
  1.0947843e-01
 -1.6404403e-02
  1.3768039e-02
  3.8885638e-02
 -7.1538212e-03
  7.4305325e-03
  3.5380594e-02
  2.8934394e-04
 -1.3940063e-02
 -3.8637169e-02
  1.6645882e-02
 -1.4219500e-01
 -1.6716795e-02
 -3.0994527e-02
  3.0448299e-02
  1.2210492e-01
 -8.0457963e-03
 -4.5945826e-01
  8.0897766e-01
  9.2053097e-01
  9.0291452e-01
  6.7339033e-01
  7.7689749e-01
  2.9094523e-01
 -2.4436796e-01
  5.7593793e-01
  1.9703235e-02
 -9.4823211e-02
  4.1955262e-01
 -6.9116926e-01
 -6.0970439e-03
  5.9993986e-02
 -1.3255689e-01
  4.9904674e-01
  1.5959087e-01
  6.9512910e-01
 -3.1282028e-04
  8.0353743e-01
  1.5196528e-01
 -1.3722377e-01
  4.6301614e-02
 -8.2952261e-02
  1.4531438e-01
  1.1455090e-02
 -6.2128216e-02
  3.1418151e-03
  2.8905097e-02
 -4.8058577e-02
  4.6565000e-02
 -4.7902394e-02
 -2.0547809e-02
  2.8100071e-02
 -8.4872735e-01
 -5.5220095e-03
 -2.6349261e-01
 -1.0693438e+00
 -2.4582537e-01
 -3.5017252e-02
  3.3927243e-02
  3.3921439e-02
 -1.1198198e-01
  3.7634443e-02
  2.5672955e-02
  3.1010097e-02
  1.9448303e-02
  1.1740565e-02
  5.2796669e-02
 -1.4292652e-03
 -6.2545180e-02
  1.6176691e-02
  1.1660611e-02
 -8.0879472e-02
  3.2830250e-03
 -6.9257468e-02
 -8.9760482e-02
 -3.8375128e-02
  1.2481863e-02
  7.9572484e-02
 -1.3088104e-03
  3.8665331e-03
 -8.0431230e-02
 -1.2690988e-01
 -9.9888176e-02
  6.4397052e-02
  2.1088917e-03
 -9.4124436e-02
 -4.7371279e-02
 -7.4438447e-01
 -1.2311479e-01
 -2.2680500e-01
 -1.2579406e+00
 -7.8787304e-02
  7.5082600e-02
  1.0867171e-02
  5.2761934e-03
  2.5883815e-03
 -3.7490898e-03
 -2.6300065e-02
  1.7738882e-02
 -6.6884682e-02
 -1.0762917e-02
 -9.8542795e-03
 -5.5812830e-03
 -8.6945631e-02
  2.3975857e-02
 -1.0067103e-01
  3.5670042e-02
 -5.0601602e-02
 -3.1392854e-02
  9.0565413e-02
 -1.8060239e-02
  1.0027405e-01
  2.1607652e+00
  2.6218761e-03
 -2.4288740e-02
  8.1566237e-02
 -6.4754151e-03
 -1.0551126e-01
  1.0874309e-02
  6.6007286e-02
  1.0387900e-01
  9.4551399e-02
 -8.6807859e-01
  4.7439046e-02
  3.7117428e-03
 -1.1784503e+00
 -5.3846645e-01
 -2.2022698e-02
  6.3264601e-02
 -1.1197506e-02
  6.7351595e-02
  7.0129283e-02
 -4.0861066e-02
  6.6016488e-02
  1.7016007e+00
  1.3127167e-02
  1.1508765e-02
  8.6297281e-04
  5.2723277e-02
 -8.2946010e-02
  1.0291861e-01
  1.1217275e-02
  4.0422712e-04
 -5.1435184e-02
  6.6738419e-02
 -2.0687673e-02
 -1.7112862e-02
 -7.6345126e-03
 -5.9516178e-03
  3.3378307e-02
 -4.6790015e-02
  6.9726175e-03
 -3.0951213e-02
 -3.3432234e-02
  4.2428933e-02
  1.8164632e-03
  4.4220250e-02
  9.3190432e-01
  2.8343767e-01
 -3.2249230e-01
  1.1065458e+00
  1.4857295e-01
  4.2335195e-03
  2.9302142e-03
  8.7172158e-02
 -9.9393465e-02
 -4.4834971e-02
 -4.4807516e-02
  5.6408658e-03
  1.1938054e-02
 -1.0132116e-02
 -8.3589226e-02
  5.7373950e-03
 -6.9508307e-02
 -1.9740228e-02
 -5.2458521e-02
  8.1764851e-03
  8.4059700e-02
  3.7623584e-02
 -6.1701551e-02
 -6.8392105e-02
  4.0294293e-02
  7.7851526e-02
 -3.9256517e-02
 -1.2180287e-01
  3.3077635e-03
  2.0898398e-02
  7.3806532e-03
  4.0977066e-03
 -1.4068740e-02
 -3.0917969e-02
  1.2282915e-02
 -8.9820397e-01
  6.1444431e-03
 -3.3798042e-01
 -1.1499047e+00
 -5.3825057e-01
 -6.1036274e-02
 -3.3565275e-02
 -8.5545711e-02
 -3.6149010e-02
  3.0666752e-02
 -9.8430486e-03
  2.2626915e-03
  3.8858104e-02
 -1.6425386e-02
  3.6629397e-02
 -3.9198413e-03
 -5.6717783e-04
  4.1386571e-02
 -7.2751786e-03
 -2.2913866e-02
  2.8509855e-02
 -6.9439247e-02
  4.1161302e-02
 -7.9373252e-03
  3.3415824e-02
  1.6845327e-02
 -4.7458757e-02
 -1.9271383e-02
 -1.7068861e-02
  1.2230635e-02
 -1.8116938e-02
  3.3605751e-02
  2.3230972e-02
  1.9795694e-03
 -2.8431308e-02
  7.2874969e-01
  3.3937113e-03
  8.0906287e-02
  1.6503692e+00
  2.7417481e-01
 -8.5900187e-02
  1.3779210e-04
  9.1833524e-02
  8.2831629e-02
 -2.5191268e-02
  7.8734234e-02
 -8.9770593e-03
  6.3283765e-03
  3.1009719e-02
 -5.1635239e-02
  4.7040083e-02
 -1.2492777e-01
  2.3063954e-02
 -7.2489768e-02
 -1.0931737e-02
  1.8718747e-02
 -1.9456843e-04
 -1.1060447e-01
  1.1172221e-03
 -2.3641080e-02
 -5.6029502e-02
 -9.5567442e-03
  5.2306425e-02
 -4.6248820e-02
  6.7243755e-02
  2.3910776e-02
 -2.7463973e-02
  5.0486699e-02
  9.9914506e-02
  3.0800061e-02
 -1.5904529e-01
  6.4486802e-01
  1.0375205e+00
 -8.1221747e-01
  1.8670959e+00
  1.7297945e+00
  1.2670962e+00
 -6.6448294e-02
  1.6886654e+00
  9.3188267e-03
 -2.3143956e-01
  8.5875434e-01
  6.0184628e-01
  6.7205407e-02
  1.2195137e+00
 -1.6573977e-01
  1.1477214e+00
 -2.3522084e+00
  8.5277289e-01
 -5.2750057e-01
  6.6238958e-01
  3.9898655e-03
 -5.0392693e-01
  1.9304732e+00
 -4.4178811e-01
 -5.5391874e-02
  2.7955731e-02
  6.0656619e-01
  3.1684898e-02
 -1.8245183e-02
  4.1745799e-03
  3.2368906e-02
  1.3705271e-01
  4.7488011e-02
  3.8235963e-03
  7.6492906e-01
  5.5496179e-02
  2.1996653e-02
  1.0552125e+00
  1.8210389e-01
 -1.2662058e+00
 -9.1387078e-02
 -1.8332068e-02
  9.9779509e-02
 -8.6335950e-03
  2.5287909e-02
 -2.1564269e-03
 -1.7171364e-02
  1.3943113e-01
 -5.4821685e-02
  2.1140359e-02
  6.0014436e-03
  7.5526968e-02
  1.5459138e-01
 -4.9277106e-03
 -1.3287659e-02
  2.9711638e-02
  9.2100561e-02
 -5.1534183e-02
  5.5490485e-03
 -1.4225826e-02
  3.0167013e-02
 -8.4615014e-03
 -2.2493517e-02
  1.7891087e-02
  6.1646134e-02
  3.3690117e-02
 -5.7427466e-02
 -2.9032400e-02
  4.5413204e-02
 -6.8270189e-01
  6.5583219e-03
 -8.2452513e-02
 -1.3498510e+00
 -5.1480778e-03
  8.7066210e-04
 -1.9392783e-02
  1.2547943e-02
  2.7793717e-02
 -1.5258190e-01
  6.1126626e-03
 -3.8898401e-02
  1.1816514e-01
  1.5105736e-02
  2.2206947e-02
 -1.0741416e+00
  1.6522292e-02
 -8.8153463e-03
  3.7434608e-02
  1.5261887e-02
  1.0319050e-01
  2.9194491e-02
  1.7066369e-02
 -7.1161680e-02
  4.4147000e-02
  2.7597226e-02
 -2.4221381e-02
  8.4523559e-03
  2.3141196e-02
  2.3727214e-02
  3.7158675e-02
 -1.9798109e-02
 -2.4323480e-02
 -3.2799856e-03
  1.7892063e-02
 -7.4603283e-01
  4.2507560e-03
 -8.4052598e-01
 -1.1546850e+00
 -1.0591809e-01
 -6.9946967e-02
 -2.1860356e-02
 -7.1612485e-03
 -1.5693661e-02
 -1.9997159e-02
  1.1686828e-01
  6.6709034e-02
 -2.9647788e-03
 -5.6276075e-03
 -2.6037768e-02
  4.2780779e-02
  3.8540870e-02
 -7.0925765e-02
  1.5416341e-01
 -8.0052973e-04
  1.3946519e-03
  2.8615367e-02
 -4.7679000e-02
  3.8238022e-02
  7.2605088e-02
  1.8033130e-02
 -5.8834244e-02
 -3.7817799e-02
 -7.7802241e-02
  2.3743911e-02
  2.2780852e-02
  2.1017630e-02
 -6.2823482e-02
  7.4921183e-02
  3.0328786e-02
  7.8496569e-01
  9.7832374e-02
  5.1714215e-02
  1.8335543e+00
 -4.2111123e-01
  7.2791249e-02
 -3.2242619e-02
 -7.4972868e-02
 -1.4603969e-02
 -8.3410054e-02
  1.0847402e-01
  6.3576519e-02
 -7.4598864e-02
 -2.1903446e-02
  4.9982194e-02
 -1.3634074e-02
  3.8609665e-02
 -3.4510400e-02
 -1.6784854e-02
  2.5250852e-02
  2.7222242e-02
 -6.6378683e-02
 -2.6257265e-02
  6.9705315e-02
 -4.7921617e-02
  7.1091211e-01
  4.7975350e-03
 -2.8005671e-02
  3.9011207e-03
 -2.4105977e-02
  5.4474171e-02
 -1.7150121e-02
  2.2269348e-02
 -2.9726520e-02
  9.0972753e-03
 -7.3548162e-01
  1.2812918e-02
 -7.4613325e-02
 -7.8751141e-01
 -7.8897774e-01
  3.2998141e-02
  6.6095926e-02
 -2.1723019e-02
  1.0816149e-01
  9.5196133e-03
  1.9049250e-02
  5.1648702e-02
 -3.3072606e-02
  6.0114096e-04
 -2.1925631e-03
 -5.4968867e-02
  1.7277140e-02
 -3.4129795e-02
  3.7407734e-02
  9.9274077e-02
 -2.2548232e-02
  4.7929429e-02
  3.3447731e-02
 -3.6990020e-02
 -4.4949871e-02
 -1.4702368e-01
 -3.7469573e-02
 -1.1115498e-01
 -2.4510421e-02
  2.9838633e-02
 -2.3401424e-02
 -4.8465211e-02
  1.7102825e-02
  5.3547237e-02
  4.1426901e-02
  1.4411973e+00
 -8.0706455e-02
  2.1021716e-02
  9.0583646e-01
  1.5633151e-01
 -3.6167135e-03
  4.3613993e-02
 -1.3602155e-01
  7.0569940e-02
  2.5006530e-03
 -1.0297150e-02
 -1.1509512e-01
  4.3235566e-02
 -7.8084908e-02
  8.1914708e-02
 -2.7023565e-02
  1.9754156e-01
  3.0489028e-02
 -1.5267478e-02
  1.6292993e-02
 -5.7293523e-02
 -5.2215558e-02
 -9.7561292e-03
  5.0021298e-02
 -9.9759931e-03
 -3.2223873e-02
 -4.4783726e-02
  2.9024990e-02
 -4.3379992e-02
 -1.1197536e-01
  7.5225113e-03
  1.6863575e-02
  1.3721888e-03
  5.7108700e-03
 -7.0004024e-02
  8.4678304e-01
 -1.1667059e-02
  9.9609852e-02
  1.4623325e+00
  8.5662648e-02
  2.9708184e-02
  6.2674567e-02
 -2.0146109e-02
 -1.6781185e-02
  3.4475591e-02
 -3.5628319e-02
  7.7996142e-02
 -1.0808352e-01
 -2.3023758e-02
 -1.9358084e-01
  5.8058005e-02
 -5.2309237e-02
  1.5449087e-02
 -5.6579292e-02
 -5.3588692e-03
  2.4502540e-02
 -1.6888982e-01
 -2.0865019e-02
  6.1765942e-03
  3.1335201e-02
 -4.6791080e-02
 -4.2601409e-03
  2.1079243e-03
  2.5237817e-02
 -5.5013075e-03
 -1.0431717e-02
 -8.2730755e-02
  3.1834666e-02
  2.6118010e-02
  2.2561883e-03
 -7.0584828e-01
 -7.2167277e-02
 -2.9062470e-02
 -1.0230706e+00
 -3.9925638e-01
 -1.7094666e-01
 -6.7106537e-03
 -5.4007515e-02
  2.6289357e-02
 -4.8032563e-02
  4.3025162e-02
 -7.3736683e-02
 -8.7429779e-03
  1.2825164e-01
 -6.1289232e-02
 -6.8129413e-02
 -4.3814890e-03
 -2.2439465e-02
  5.5525579e-02
 -2.9853759e-02
  8.4630996e-02
 -1.2122924e-02
 -6.5320553e-03
  1.7531581e-02
 -1.6696917e-02
 -3.6655605e-02
  3.7782220e-03
 -1.1455601e-01
 -4.9619400e-03
  5.5079032e-02
  8.5256705e-03
 -9.4448686e-02
 -7.2668731e-02
  2.3989943e-03
 -2.1783940e-02
 -7.0188993e-01
  1.0538816e-01
  3.9252311e-01
  1.9281521e+00
  1.0281708e+00
 -4.9042877e-02
 -1.2547919e-02
 -2.5270995e-02
 -7.9885721e-02
 -5.1105926e-03
 -1.3000520e-01
 -2.4758887e-02
  3.8285995e-01
 -8.8463342e-03
  3.6792938e-02
  3.8660530e-02
 -3.6685407e-02
  2.1498788e-02
 -4.1727975e-02
 -2.6414603e-02
  1.8521335e-02
  1.0315942e-01
 -1.8903596e-02
 -1.7982958e-02
  1.8673226e-02
  3.4973323e-02
  1.1532846e-02
 -3.1783856e-02
 -1.7116234e-02
  1.0193019e-01
  3.4051258e-02
 -1.9022292e-02
  4.8156567e+00
 -3.6351844e-03
  1.5310727e-02
 -8.0644661e-01
  2.0473102e-02
 -8.2128800e-02
 -8.8085485e-01
 -2.7962479e-01
 -8.5341616e-04
 -1.0990588e-03
  5.7198904e-02
 -4.3063454e-02
 -9.9204078e-02
  7.1454227e-02
  4.6614937e-02
 -1.4646948e-02
  7.2313070e-02
  1.6160743e-02
 -5.7792690e-02
 -1.3559616e-02
 -8.5784113e-03
 -1.2051531e-03
 -2.3747757e-02
 -2.1253491e-02
 -5.2408591e-02
  3.2760907e-02
  1.1248240e-02
  7.1608983e-02
 -2.5150567e-02
  4.1636299e-02
  3.1096425e-02
 -1.3297872e-01
 -3.4420558e-03
  8.6543511e-04
  5.4336119e-02
 -2.0902684e-02
  7.9266608e-02
 -4.2386684e-01
  6.7494446e-01
  3.4998462e-02
 -1.5984319e-02
  1.2119590e+00
  1.1094466e+00
  1.2566186e-02
 -2.6605602e-02
 -9.6953921e-03
 -5.8526411e-03
 -5.2301049e-01
  9.4918802e-02
 -1.5729204e-01
  1.5908379e-02
 -1.2960571e-02
  4.8474927e-02
  2.9227646e-02
  7.8674093e-02
  4.2631421e-03
 -3.6343127e-02
 -1.1505701e-01
 -7.3707718e-03
 -7.0922345e-02
 -6.4187199e-02
 -1.0813162e-02
  1.0989046e-01
 -7.2355713e-03
 -5.9478287e-02
  4.3975608e-04
 -3.2356565e-03
  1.2459501e-02
 -8.0812266e-03
  6.5888073e-03
  2.2045653e-02
 -6.0544771e-01
  5.0511956e-02
  8.5747004e-01
  6.9855735e-02
  6.6417996e-03
  1.0208496e+00
  1.0116483e-01
 -1.0248310e-01
  3.3105087e-02
  1.8199792e-02
 -3.1611610e-02
 -2.9084191e-02
  3.5834141e-02
  5.6289854e-03
  1.0123716e-02
 -7.8110635e-02
 -1.8529710e-01
  7.3555470e-03
  4.5023400e-02
  9.4212126e-03
 -2.3065494e-02
 -2.5822794e-02
  8.0960698e-04
  4.1790091e-02
 -1.6759732e-01
  3.6995180e-02
 -3.5119452e-02
  8.8772863e-02
 -2.7837047e-02
 -3.2417096e-02
 -2.0875365e-02
  3.7131734e-02
 -5.8771602e-05
  1.5226369e-01
  1.6238119e-02
  8.8806106e-03
  1.9577330e-02
 -8.5393912e-01
 -4.0802378e-03
 -2.5246279e-02
 -1.2015871e+00
 -3.2078102e-01
 -7.6459125e-02
  2.6802454e-02
  2.4683729e-03
 -2.0330427e-03
  1.8612547e-02
  1.2574861e-02
 -8.3668664e-02
 -7.3284306e-02
 -7.8298733e-02
  8.3710760e-02
 -5.2356202e-04
  2.5544221e-02
  2.0160710e-03
  1.5163908e-02
 -2.8515574e-02
  9.8121259e-03
  3.3954334e-02
  8.4903978e-02
 -4.1382633e-02
 -4.3589301e-02
 -7.8710362e-02
 -1.5958050e-02
  1.5271332e-02
  1.6981535e-02
  1.0402643e-01
 -2.4297157e-02
  9.8948918e-02
  4.3113846e-02
 -2.2559417e-02
  1.4444415e-02
  5.6350231e-01
  4.4299760e-03
  2.8899544e-01
  1.4116993e+00
  1.9665375e-01
  1.7889449e-01
 -3.7869934e-02
 -1.0690309e-02
  2.9427495e-02
  1.0940636e-02
  1.0511235e-01
 -9.2479978e-03
 -1.8341981e-02
 -6.3148774e-03
  2.4418008e-02
 -4.5558591e-03
  6.1632252e-01
 -3.7262647e-04
 -2.5379429e-02
  5.2878629e-02
 -9.6662171e-02
  6.1678621e-03
 -2.2375258e-02
  6.1904501e-02
  8.5608043e-02
  5.0822292e-03
 -5.3390644e-02
 -2.6639773e-02
  2.3306914e-02
  2.1702930e-02
  1.3691311e-02
  3.1289000e-02
 -1.8235898e-02
  4.3822475e-02
 -1.6506786e-02
  9.8870963e-01
 -7.1556740e-03
  2.5262948e-02
  1.3428288e+00
  3.0726978e-01
 -5.0968740e-02
 -7.7302374e-02
 -2.5740525e-02
 -2.1276664e-02
 -9.2521250e-02
 -4.1396715e-02
  7.1251922e-04
  1.2730625e+00
  3.6357173e-03
  3.0445885e-02
 -1.0332322e-02
  2.3721628e-02
 -1.1833929e-02
 -5.0677202e-04
 -1.4651966e-02
  2.1822698e-02
 -1.0542196e-02
  8.7064199e-02
 -2.6488081e-02
 -9.5802471e-02
  8.2618356e-02
 -1.7229188e-02
  1.7456129e-02
  2.0075231e-03
 -1.7890034e-02
  9.9911019e-02
  2.0729709e-02
  1.9829180e-02
  2.3103800e+00
 -2.5482688e-03
  1.0606924e+00
 -1.3455431e-02
  9.2241220e-02
  1.1600864e+00
 -2.0634918e-02
  9.5730796e-02
 -6.2132762e-03
 -5.5055905e-02
 -1.2850536e+00
  2.1355128e-02
  1.6068313e+00
  1.0469579e-02
 -5.3101638e-03
  1.5582322e-02
  8.6137809e-02
 -2.5063155e-02
 -7.6050349e-03
  1.4792413e-01
  3.9143238e-02
 -3.3890557e-02
 -2.4967048e-02
  1.1004606e-02
 -7.6049708e-02
  2.1514356e-02
  6.9696046e-02
  3.7635946e-01
 -3.2526276e-03
  9.3814313e-02
 -1.4425031e-02
  5.3300322e-03
  1.5103590e-01
 -2.5926538e-02
  1.6154191e-02
  6.4356588e-02
  5.0386366e-02
  7.4657059e-01
  3.8769603e-02
  2.6938242e-01
  1.2049636e+00
  3.3967772e-01
  1.0357697e-01
  1.2650389e-02
 -1.7503824e-02
 -4.6019658e-02
  7.1384929e-02
 -3.6081953e-03
  2.1860931e-02
 -1.7850775e-02
 -4.4988859e-02
 -3.8267251e-02
 -6.0004711e-02
  1.2317228e-01
  1.9884098e-03
 -9.9218734e-02
  7.6369673e-02
  5.1838648e-02
 -3.1146232e-02
 -5.1347531e-02
 -9.4503179e-02
  1.5857071e-02
 -2.9245285e-02
 -4.5736421e-02
  1.2290198e-01
  9.2294447e-02
 -5.2152180e-05
 -7.9104684e-02
 -5.9458472e-02
 -4.0807995e-01
  2.2250474e-03
  5.7956230e-02
 -7.5033593e-01
 -7.9339512e-02
 -1.9122791e-01
 -1.0178080e+00
 -1.3252626e-01
  9.6201161e-03
 -2.6849799e-02
  2.3467704e-03
  3.3609487e-02
 -4.9853250e-02
 -4.2242792e-02
  7.9283410e-01
 -1.4214452e-01
  2.2675451e-03
 -5.6862962e-02
  8.1006378e-02
 -1.3589277e-02
  3.7616526e-03
 -2.7647996e-02
 -8.5695729e-02
 -5.7322517e-02
 -2.7840503e-02
 -3.2368114e-03
  1.2766273e-01
  6.1073922e-02
  1.2321719e-02
  1.9742905e-03
  3.0763550e-02
 -2.2647748e-02
 -5.0244904e-01
 -9.6357608e-01
  8.9228310e-02
  4.9420394e-02
  4.4634761e-03
 -2.1226086e-02
  5.5689812e-01
 -6.4086318e-02
 -7.7329241e-02
  7.5463581e-01
  2.1968162e+00
  8.6838761e-03
  3.3939481e-02
 -1.0756470e-01
  2.9347014e-02
  6.2214062e-02
 -1.6047890e-01
  6.7054220e-02
 -6.0966581e-02
  1.9720158e-02
  2.7208118e-02
 -1.0728285e-01
 -4.9381465e-02
  2.1137662e-02
 -4.8351478e-02
  1.5430403e-02
 -3.7091651e-03
 -5.6460939e-02
  1.6828863e-02
  6.6706024e-02
 -6.9112822e-02
 -6.1775863e-02
  1.0622191e-02
  2.9582920e-02
  3.8321663e-02
  3.8857531e-02
 -1.0650520e+00
  5.6638408e-02
 -3.3175066e-02
  1.7187119e-02
  1.3172208e-02
  8.7931734e-01
 -4.3527871e-02
  1.9024232e-02
  1.1138244e+00
  1.6750878e-01
  1.6238039e-02
  1.6153188e-02
  6.1639067e-02
 -2.5940696e-02
  3.2211088e-02
  1.9966220e-02
  1.4865196e-01
  3.3864077e-02
 -2.1675885e-02
 -2.1983517e-02
 -1.1402068e-01
 -5.2333429e-02
 -1.9466840e-02
 -9.7576715e-03
  4.4230567e-03
  9.2836343e-02
  2.2380169e-02
 -3.4474910e-03
  1.5097731e-02
 -3.8731098e-03
 -1.0821147e-01
 -4.3710090e-02
 -5.1853221e-02
  2.1030905e-02
 -1.1924041e-02
 -2.0744219e-02
  1.6074764e-02
  6.1481196e-02
  3.1166612e-03
 -2.6908457e-02
  9.1989541e-01
 -3.0966626e-02
  9.0759270e-02
  1.5108200e+00
  1.7170607e-01
  1.1390704e-03
  1.7928861e+00
  3.7558291e-03
 -3.3491254e-03
  1.3174394e-01
 -8.2838861e-03
  2.2597190e-02
 -2.2795588e-02
 -2.2309372e-02
 -1.4669527e-02
 -8.9047298e-02
  1.5116720e-01
  9.3471318e-02
 -4.0803300e-03
 -1.3078256e-02
  1.6439218e-02
 -1.4463441e-01
 -2.2352904e-02
 -4.4040475e-02
 -7.2131245e-03
 -1.1160073e-01
 -8.9995936e-03
 -8.6804599e-02
  5.2135077e-04
 -4.1294359e-02
  8.2555950e-02
 -3.3175085e-02
 -8.1569754e-02
  1.6999552e-02
 -3.9779585e-02
 -7.5238210e-01
 -2.2951018e-02
 -8.8071853e-02
 -1.1381485e+00
 -2.0088734e-01
 -2.4716053e-02
 -3.0948304e-02
  6.6511378e-02
  3.2186512e-02
 -1.4994380e-02
  1.4538824e-02
 -7.3781699e-02
 -2.7549751e-02
  6.0801867e-02
 -8.2636841e-02
  2.8818671e-02
 -5.6644239e-02
 -1.6486349e-02
 -1.2039288e-02
 -4.9254347e-02
  1.3771439e-01
  9.8639429e-01
 -2.3022639e-02
 -7.9547346e-02
 -2.2689922e-02
 -3.1042535e-02
 -5.6309742e-03
  1.1762776e-01
 -9.5563769e-02
 -3.0544259e-02
  3.6486797e-02
 -4.0278357e-02
 -2.8218105e-02
  9.1009848e-02
 -1.2183101e-01
 -6.5064007e-01
 -8.4464950e-03
 -1.8893436e-03
 -7.7148777e-01
 -4.2894179e-01
 -3.2581333e-02
 -6.4555332e-02
  3.1220722e-01
  8.3317660e-02
 -3.6980078e-02
 -1.1568376e-01
  1.1787646e-02
  1.8381436e-03
 -5.5897355e-02
  4.4740299e-03
  6.0334258e-02
  4.3430865e-02
 -1.7556891e-02
  1.4339110e-02
  2.6366608e-02
 -2.5053257e-02
 -7.3216937e-02
  1.1881752e-01
 -5.2429177e-03
 -1.7879177e-02
 -3.3852160e-02
  2.1851689e-03
  4.7475144e-02
 -4.9067728e-02
 -8.4608473e-02
  6.2182988e-03
 -6.0736395e-02
 -4.3499194e-02
  1.4605769e-02
  1.1129581e-01
  1.6022598e+00
  1.3210675e+00
  1.3489344e+00
  3.2244989e-01
 -1.0478824e+00
  8.6104113e-01
 -2.4086952e-02
 -2.7580028e-02
 -6.9299564e-02
  1.0216219e-02
 -1.2996474e-01
 -4.0927092e-03
  1.0001714e-02
 -3.7706304e-02
 -7.8016795e-02
  8.4135532e-03
  1.0964310e-02
 -1.7706135e-02
  6.0451262e-02
  1.1132694e-01
  1.8027339e-02
  2.8420536e-02
 -4.2375550e-02
  5.9246180e-05
  2.5224831e-02
 -4.9033534e-02
  8.6146444e-03
 -4.4634633e-02
 -3.8100790e-02
 -4.7684317e-03
  1.8254168e-02
  2.3996188e-04
 -6.9578268e-02
 -1.6411621e-02
 -3.5431243e-02
  1.8258483e+00
  7.1188092e-02
  6.0299623e-01
 -7.0288616e-01
 -7.2364700e-01
  3.3635944e-03
 -4.4000152e-02
 -5.5448387e-02
 -5.1511083e-02
  5.0662804e-02
 -3.2955617e-02
  3.3441629e-02
 -1.3870922e-01
  1.5873604e-02
  1.6291015e-02
  1.1858563e-02
  5.3376360e-03
 -2.2172777e-02
  4.1482560e-02
 -1.9761425e-02
 -8.6582445e-02
 -2.4142880e-02
 -7.5719863e-02
  2.0065380e-02
 -3.3512574e-02
 -4.1091774e-02
  9.1590747e-02
  3.7084449e-02
 -2.0298546e-02
  1.3162503e-02
  1.2111706e-02
 -3.7327155e-02
 -1.6433632e-02
  1.5308866e-01
  4.8983283e-02
  5.6676865e-01
  1.1743747e-01
  1.5594964e-01
  1.3291501e+00
  1.3439946e-01
  3.0809276e-02
  2.8799231e+00
 -8.0005145e-03
  2.4094487e-02
  3.5438798e-02
  1.9262116e-02
  8.7425960e-03
  7.6567787e-03
 -2.1202226e-01
  2.1739708e-02
  2.2766285e-01
 -1.7334700e-01
  1.1710986e-01
 -5.0510809e-02
 -5.3351335e-02
 -1.6300982e-02
 -1.5882723e-02
  7.5732678e-02
  4.6152782e-02
 -6.7053996e-02
 -6.3784763e-02
  2.0135947e-02
  8.0625877e-02
  1.2771171e-02
  1.9975193e-02
  1.6156139e-02
  1.6327584e-01
  3.4025930e-02
  4.7501732e-02
  7.7471182e-02
 -7.1684325e-01
  8.2945853e-02
 -2.8422680e-03
 -1.1270963e+00
 -1.5134743e-01
  3.2839969e-02
 -3.4875369e-03
 -1.1056593e-02
 -1.9353228e-02
  1.0249490e-01
 -8.4419847e-03
  2.4282027e-02
  6.4979382e-02
  3.1462058e-01
 -5.8716707e-02
  2.2662517e-01
  8.0901094e-02
 -7.4976154e-02
 -5.4523103e-02
 -1.5099798e-02
 -5.5004761e-02
  3.7816539e-02
  4.7215920e-02
 -4.8808896e-04
  7.6082364e-02
  1.2895744e-01
 -6.0364455e-03
 -2.6015645e-02
 -1.6094433e-01
  1.9103860e-03
 -2.6000785e-02
  3.5759978e-02
  3.9406549e-02
  4.4059612e-02
 -2.8582551e-02
 -1.1938363e+00
 -3.2430038e-02
 -8.2543299e-02
 -1.1658274e+00
 -3.4822941e-01
 -8.8736430e-02
 -5.2216884e-02
  5.6981493e-02
  2.2221535e-02
 -8.5349269e-03
  3.9847340e-02
 -7.7898954e-03
  3.8518477e-02
 -8.8417798e-02
  5.8356509e-02
  4.4302236e-02
  3.8327206e-02
 -1.9979002e-02
 -2.5054524e-02
  4.4490714e-02
  7.6412238e-02
 -4.4518091e-02
 -7.1256235e-02
  2.7376658e-03
 -2.7902637e-02
 -1.2796399e-02
  6.5597497e-02
 -1.1545404e-02
 -5.4489870e-02
  1.9622916e-02
  7.9142787e-02
  4.3799430e-02
  6.1552931e-02
 -8.5879592e-03
  3.5626493e-02
 -8.7647206e-01
 -7.0996068e-02
 -7.4533038e-02
 -1.1457381e+00
 -2.7469501e-01
 -1.7454071e-02
 -7.1944021e-02
  6.9693681e-03
 -1.3490518e-02
  2.2915123e-02
  4.6837658e-02
  2.1215084e-03
 -8.3054133e-02
  3.5966940e-02
  8.5063823e-02
  1.4363085e-02
  1.0287407e-01
  6.4299065e-03
 -2.0716246e-02
 -5.7053387e-02
  2.2181994e-03
 -4.5139477e-02
 -4.9677449e-03
 -1.7622832e-02
  5.9422635e-02
 -3.8131725e-02
 -2.4755325e-02
 -7.3500765e-03
 -2.8895922e-02
  2.2898095e-02
  5.5148248e-02
  1.4810379e-02
 -2.2180408e-02
  4.6108406e-02
 -1.4468137e-02
  5.9911644e-01
  2.5052641e-02
  1.4536680e-01
  1.3642178e+00
  3.7378830e-01
 -1.8432502e-01
  1.3693361e-02
 -1.2332819e-01
  5.8333490e-02
  2.8175983e-04
  2.6762472e-02
  1.2236322e-01
  7.5907623e-03
  3.2864455e-02
  6.0923558e-02
 -4.5580957e-02
 -6.5316600e-01
  1.6202235e-01
 -5.5652656e-02
  2.2531476e-02
  2.9778907e-02
  2.6383700e-03
 -9.0334332e-03
 -9.5471315e-02
 -1.9441801e+00
  1.5602525e-01
  3.9651755e-02
  2.2203365e-02
  2.2997934e-02
 -9.6056864e-02
  4.9571875e-02
  5.6534328e-02
  8.9108504e-02
 -1.2067492e-01
 -7.2560750e-02
 -5.9024744e-02
 -5.1152796e-01
 -1.0828793e-01
 -3.2367584e-01
 -9.7862519e-02
 -2.9567720e-03
  4.7230418e-03
  2.4781828e-03
  4.8092362e-02
  4.0091202e-02
 -9.9587463e-02
 -2.8031049e-02
  1.7279145e-01
 -3.1334630e-03
  2.1198671e-02
 -2.3565529e-02
 -7.3181274e-03
  1.7878041e-04
 -5.7662159e-02
 -2.1092638e-02
 -3.4885760e-03
 -1.1525381e-02
  5.6710559e-01
 -4.3724604e-02
 -8.5231498e-02
 -4.8784778e-02
  1.2947073e-02
 -5.3722262e-02
 -3.3174753e-02
 -4.2200563e-03
 -1.7621115e-02
 -1.7843392e-02
 -7.4477005e-04
 -6.6380151e-02
 -3.6656524e-03
 -8.6244398e-01
  5.8409732e-02
  1.3931294e-01
  1.9288287e+00
  8.9067531e-01
 -1.8321812e-02
 -7.8492248e-03
 -2.1869443e-02
 -2.4730869e-02
  4.8430279e-02
  2.6267961e-02
 -1.9672409e-02
 -2.8141616e-03
  7.1325555e-02
 -6.9369800e-02
 -1.9699354e-03
 -1.1544725e-02
  5.3621873e-02
  1.1140069e-01
  1.9591328e-02
  3.6613114e-02
  5.1026046e-02
  4.5059893e-02
  1.0569522e-02
 -5.8691829e-02
  1.9062141e-02
  9.5281266e-03
 -1.0956980e+00
  4.6668560e-03
  1.4195055e-01
 -9.0727583e-03
 -1.0436165e-02
 -5.9895746e-02
  7.8026415e-03
 -5.5653430e-03
  2.6124873e+00
 -6.9071114e-01
 -7.2020167e-01
 -1.1414509e+00
  1.8654751e+00
 -5.7798749e-01
  8.3434105e-01
 -8.5461980e-01
 -1.7327193e+00
  2.7336302e-01
 -5.8077890e-01
  1.2837623e-01
  4.6228075e-01
  3.8691625e-01
 -4.6012151e-01
  3.6069804e-01
 -8.5649848e-01
  5.4160738e-01
 -6.3192070e-01
  8.7303883e-01
  4.1530791e-01
 -5.0615776e-01
 -5.7374686e-01
 -4.8770165e-01
  8.3347350e-01
 -4.8450294e-01
  5.5432075e-01
 -1.0979210e+00
  5.9834653e-01
 -4.0374908e-01
 -4.1628766e-01
  3.4135389e-01
 -7.1615475e-01
  3.6508870e-01
  4.7389200e-01
 -4.3624645e-01
  3.9385685e-01
 -5.8837855e-01
  2.6489168e-01
  1.5206510e-01
 -6.9278076e-02
  5.5667061e-01
  3.6889887e-01
  4.4291863e-01
  5.3274387e-01
 -7.8773475e-01
  2.0882821e-01
  5.7479328e-01
  7.2743368e-01
 -7.5763679e-01
 -5.2736396e-01
  3.5093111e-01
  1.9527069e+00
  7.9208457e-01
 -2.0310231e-01
 -3.1102592e-01
 -5.9767866e-01
  6.0857207e-01
 -3.3451710e+00
  8.7070560e-01
  1.8588346e+00
 -3.4673615e+00
 -4.4407616e+00
 -3.3273406e+00
  7.8591710e-01
 -3.8025661e+00
  2.0562270e+00
 -2.1395535e+00
 -1.9140487e+00
  4.9158916e+00
 -2.2234852e+00
  1.1016599e+00
  1.2581749e+00
  2.1836903e+00
 -2.8377182e+00
  1.8464599e+00
 -2.8519998e+00
  2.8676291e+00
 -1.1216804e+00
  1.9388039e+00
  1.9131646e+00
 -1.4873662e+00
 -1.2829133e+00
 -3.2144427e+00
  2.1248884e+00
 -2.7561498e+00
  6.9997349e+00
  2.5724658e-01
  1.5732703e+00
 -1.2515970e+00
 -2.3769903e+00
  3.5854063e+00
 -1.9934634e+00
  1.2939678e+00
  3.9024601e+00
 -7.3576957e-01
  1.9414526e+00
 -8.1677121e-01
  2.7421975e+00
  6.1613351e-01
 -1.1954368e+00
  1.6145635e+00
  3.0825431e+00
  1.8586074e+00
  1.8475189e+00
 -1.8069818e+00
  2.4914112e+00
  1.7296638e+00
  5.3156419e+00
 -1.9176747e+00
 -4.7114956e-01
  1.6374965e+00
  1.3002192e+00
  2.2662497e+00
 -5.0901610e-01
 -2.0194705e+00
 -2.6780903e+00
  4.0972295e+00
 -3.4075396e+00
  2.1157892e+00
  5.2894715e-02
 -4.9212331e-01
 -3.2817401e-02
  5.7548749e-01
 -7.6705050e-01
  9.7342625e-02
 -2.0393141e-01
 -3.2237297e-01
 -4.6917539e-02
  6.1350423e-03
 -1.4171003e-03
  8.5051395e-02
  9.4634984e-03
 -1.1130858e-01
 -7.1862884e-02
 -1.4363687e-02
 -5.7496406e-02
  1.7291482e-03
 -8.7692894e-02
 -1.2278767e-02
 -8.5293896e-02
  1.4105874e-01
 -3.3260146e-03
  7.5346842e-02
  1.7513510e-02
  1.6086373e-01
 -2.2479344e-02
 -2.7017895e-02
  5.8432426e-02
  4.4375647e-02
  3.3576891e-02
  6.0943034e-02
 -1.4137118e-02
  2.3918493e-02
 -2.2329743e-01
 -3.1313419e-01
  1.3855606e-01
 -4.9841534e-03
 -1.1870580e+00
  2.9475039e-01
 -1.5602061e-03
 -1.2355794e-02
 -1.6219778e-01
  3.1942442e-02
 -2.4038110e-02
 -5.4854359e-02
  1.3887477e-01
 -8.6404599e-02
 -1.9319361e+00
 -4.8134457e-03
 -7.3990397e-02
  7.8673042e-02
 -1.1548704e-01
 -4.0184390e-02
 -3.9607976e-03
  2.4071099e-04
  1.6348515e-02
  7.1889304e-02
 -1.4256707e-01
  8.3833374e-03
  7.4889297e-03
 -4.2613577e-03
 -2.4523376e-02
 -1.3136064e-01
 -1.2379516e-01
  3.4778122e-02
  9.0982258e-02
  2.6892569e-02
  2.6675761e-02
  2.5245650e-02
  4.7849664e-01
 -3.3639875e-01
 -2.1994099e-02
  1.3870693e+00
 -1.0543557e+00
 -1.0707450e-02
  7.7512078e-02
 -3.3449214e-02
 -1.1641288e-02
  9.4861984e-02
  1.2081897e-01
  7.8353588e-04
 -1.4764993e-02
 -1.1821541e-02
  5.8221757e-02
  1.4793324e-02
 -4.1708075e-02
  5.2738979e-02
 -5.5002463e-03
  3.0476511e-02
 -5.8141448e-02
 -3.4641474e-02
 -7.9916842e-02
  3.6234908e-02
 -9.1087393e-02
  5.6033809e-02
  1.8177651e-01
 -3.6451101e-02
 -1.6676627e-01
  5.5427853e-02
 -3.3631255e-03
 -5.4611079e-02
 -8.5409664e-02
 -6.5264627e-02
  1.5291510e-02
 -2.3308417e-03
 -5.0279915e-01
 -2.1631593e-01
  6.2816828e-01
 -1.1905565e+00
  2.6982401e-03
  1.1685336e-01
 -4.3843899e-02
 -3.0241381e-02
 -7.5143948e-02
 -8.0776215e-02
  1.4267383e+00
 -2.7238619e-02
 -5.2389897e-02
  5.0878301e-02
  1.4076231e-02
 -1.3709062e-01
 -8.2401815e-04
 -2.2707241e-02
  1.2523386e-02
  6.8971276e-02
  7.9005221e-03
  7.1047410e-02
 -3.2097712e-02
  6.2448847e-01
  8.0734771e-03
 -8.8372612e-03
  5.5618841e-02
  1.0321507e-02
 -8.1768893e-02
 -9.9755913e-02
  2.7338383e-04
  1.5544835e-02
 -3.9683841e-02
 -2.1827856e-01
 -3.7651876e-01
  3.7715918e-01
  3.8725576e-01
 -1.0016836e+00
  1.0117662e+00
  3.7046026e-02
  9.9182436e-03
 -2.1263957e-02
  1.9979595e-01
  4.7173644e-03
 -1.6700931e-01
  4.9044017e-02
  3.7742604e-02
  6.7130782e-02
  1.2205715e-02
 -3.1754434e-02
  1.9133389e-01
  1.5286922e-02
 -1.1426260e-01
 -1.7867096e-02
 -3.5527140e-02
 -1.0024390e-01
 -6.4752586e-02
 -2.7210249e-02
  6.3897282e-02
 -1.4251383e-01
 -9.6154913e-02
 -2.4888733e-02
 -1.1141450e-02
 -6.4590678e-02
 -9.2864968e-02
 -5.1818125e-02
 -2.0863082e-02
 -1.1379032e-02
 -4.9142163e-02
  3.9183229e-01
 -4.0447628e-01
 -3.1608748e-01
  3.2630661e-01
 -1.3455950e+00
  2.2583008e-02
  3.1330980e-02
 -1.3445109e-01
 -3.8518794e-02
  1.4041046e-02
 -4.3001257e-02
  8.9170702e-02
  1.0863200e-02
  2.0514773e-02
  3.0021444e-02
  1.9339699e-02
  1.0969114e-01
  1.1820526e-01
 -5.5080961e-02
 -3.2364819e-02
 -1.1259705e-01
 -6.1448354e-02
 -1.4399238e-02
 -5.2608671e-03
 -6.8868278e-03
 -2.9532272e-02
 -2.3465820e-02
 -1.5599949e-02
 -4.4458080e-02
  1.9196214e-02
 -5.0805479e-02
  3.6541469e-02
 -2.8156523e-02
  6.6254348e-02
 -1.8030014e-02
 -3.3633184e-01
  4.0471560e-01
  8.2170419e-02
 -8.1490946e-01
  6.3517678e-01
 -1.4917774e-01
  1.9138379e-02
  2.2126238e+00
 -8.8294454e-02
  9.3843348e-02
  3.9164484e-02
  1.1929584e-01
 -9.2771098e-02
 -3.7404481e-02
  8.7319361e-03
  2.6351484e-02
 -9.0383083e-02
  2.5701551e-02
 -4.2778447e-02
  2.6132425e-02
 -3.0275166e-02
  4.8340552e-02
  3.9433103e-02
  1.0877031e-01
  6.2091295e-02
 -2.4166866e-01
 -8.3347037e-03
 -1.7826283e-02
 -9.9076554e-02
  1.1751604e-01
  1.0475128e-02
 -5.3432155e-03
  1.3565114e-02
  5.2682899e-02
  1.0024758e-01
 -3.8980013e-01
  6.4467341e-01
  2.4372178e-01
 -2.2333615e-01
  1.4366266e+00
  1.7442534e-02
 -4.0145442e-02
 -9.9551283e-02
  6.9069827e-04
 -1.0163338e-01
  1.3281653e-02
  9.5327407e-01
 -2.7527511e-02
  6.2366851e-02
 -9.8009206e-02
 -1.3722526e-02
 -4.5151263e-02
  1.1954002e-01
  6.1018262e-02
  2.8752394e-02
 -8.6892515e-02
 -1.7923482e-02
  1.1495677e+00
  1.0175536e-02
 -1.1487151e-01
 -6.2441718e-02
  2.6378809e-02
 -8.1308298e-02
  8.1236102e-03
 -1.8892308e-01
  7.4589871e-02
  7.3949099e-02
 -2.1281656e-02
  9.8065540e-02
  4.9119379e-02
 -1.4798936e+00
  2.4353544e-01
  1.4507276e-01
 -6.2047625e-01
  1.0327653e+00
  1.1607138e-02
 -1.3042446e+00
  2.7246173e-02
  3.7037078e-02
  9.8387584e-02
 -7.1912624e-02
  7.8867348e-03
 -3.6272511e-02
 -5.1831555e-02
 -3.9995149e-02
  3.9535649e-02
  1.3120119e-02
  5.5154782e-02
 -2.9759575e-02
 -1.0499165e-01
  1.3710096e-02
  2.7918092e-03
 -1.3959678e-01
  7.2271906e-02
  1.5010420e-02
 -4.6766493e-03
 -7.2550461e-02
  2.0286651e-02
  1.6237982e-02
 -5.1316679e-02
  2.9629406e-02
 -8.5328884e-02
 -1.5491179e-01
 -7.2798967e-02
 -2.9906368e-02
 -6.1076468e-01
  1.2742267e+00
  2.2814691e-01
 -8.8132656e-01
  7.5887251e-01
  2.4320448e-02
  1.2106448e-01
  2.5081884e-02
 -1.5604001e-03
  3.6880143e-03
 -7.9397053e-02
 -1.2207135e+00
 -5.3670358e-02
  3.8561542e-02
 -2.6654027e-02
 -1.8691097e-01
  1.2408105e-02
 -1.2633065e+00
 -9.2878215e-02
 -3.2965459e-02
 -4.9269120e-03
 -6.3633317e-01
  1.7711429e-02
  3.3733562e-02
 -6.6684917e-02
  2.1973219e-02
  3.4769785e-04
  6.2671334e-02
 -5.8601107e-02
 -2.2700185e-02
 -2.8420538e-02
 -6.8849102e-02
 -3.9901525e-02
  1.1533179e-02
 -4.1234091e-02
  7.5096321e-01
 -8.2712688e-02
 -1.8365850e-01
  1.1639178e+00
 -1.3888130e+00
  2.1913743e-03
  1.0720032e-01
 -1.0304210e-03
 -7.4364446e-02
 -4.6185270e-02
  9.6807897e-02
 -4.1470185e-02
 -4.8799723e-02
  3.9811861e-02
  1.1229879e-01
 -1.3103381e-02
  1.5651572e-02
  1.2506926e-01
 -7.5756796e-02
 -1.8613687e-02
  5.7130590e-02
  9.8565020e-02
  6.0987055e-02
 -5.2326277e-02
 -1.5315339e-01
 -6.3381307e-02
  4.2903975e-02
 -4.0334105e-02
 -4.2172655e-02
  4.7538644e-03
 -2.6329204e-02
 -2.6848942e-02
 -4.4166353e-03
  2.2310000e-02
 -8.1119746e-02
 -2.4231938e-01
  2.5435781e-01
  2.7852029e-02
 -1.0545295e+00
  1.0836703e+00
  5.4938891e-03
  9.2002051e-03
 -2.9198056e-02
 -2.7540924e-02
  4.2475194e-02
  9.8122627e-02
 -7.0408471e-02
  7.1507134e-02
 -6.2134009e-02
  2.3272783e-02
  4.7133218e-02
 -2.2923455e-02
  8.0210991e-02
 -7.3301949e-02
  1.1231996e-01
  1.2460858e-02
  5.0770216e-02
  2.9505074e-02
 -9.4564930e-03
  1.6498817e-02
  5.2776061e-02
 -6.1144144e-03
 -6.8911970e-02
 -3.7873749e-02
  1.0849498e-01
  7.4416183e-02
  5.8064345e-02
 -5.6450248e-02
  1.2702441e-02
 -2.2645487e-02
 -1.2468486e+00
  1.3114303e+00
  1.7942942e+00
  5.9279966e-01
  6.6498840e-01
 -3.7221096e-02
 -3.1472534e-02
  4.5078467e-03
 -2.4808139e-02
  1.7853400e-01
 -1.1341555e-01
  7.6303698e-02
 -4.3231025e-03
  4.3701828e-02
 -2.4541420e-01
 -4.0688347e-03
  5.1084957e-03
 -1.3112004e-01
 -2.3029692e-02
  2.3183689e-02
 -4.1589182e-02
  1.9290464e-02
  8.3715580e-02
  7.4289374e-02
 -8.2624711e-02
 -1.9837268e-02
  7.5438797e-02
 -5.0150182e-02
 -7.2648145e-02
 -2.6973808e-01
 -1.2135650e-01
 -4.9622681e-02
 -1.6083482e-01
  3.8658310e-02
  1.1642071e+00
 -3.9415216e-01
  2.8636581e-01
  2.4770230e-02
 -1.4002795e+00
  6.4829397e-01
 -1.9748624e-02
  1.3167954e-03
 -4.8382320e-02
  9.2060007e-02
 -1.7896225e-01
  2.3977332e-02
 -3.5499576e-02
  2.4680805e-01
 -2.4445262e-02
  9.0157032e-02
  7.2989501e-02
  9.1723494e-02
 -8.1593573e-02
 -3.8151387e-02
 -1.0269597e-02
  1.6754036e-01
  4.7309292e-03
 -3.1840060e-02
  1.8497979e-02
 -2.0890059e-02
 -1.1157341e-01
 -1.8616237e-02
  1.0308849e-02
 -1.6041014e-02
  1.6476788e-01
 -1.8501664e-02
  1.1384781e-01
 -1.4427673e-02
 -2.1524117e-03
 -2.7510634e-02
 -8.9369878e-02
  2.1990791e-01
  3.8948560e-01
 -1.0176690e+00
  9.9084753e-01
 -2.3114651e-02
  6.3101195e-02
 -5.7326842e-02
 -4.4356741e-02
 -2.0532846e-01
  1.2902990e-01
  1.5726125e-02
 -6.0997736e-02
  2.4304869e-02
 -1.1131026e-02
  2.1560472e-02
 -2.2192914e-02
  2.1651839e-01
 -3.1571344e-02
 -3.2464296e-02
  5.0076652e-02
  9.9880109e-03
  9.9231545e-03
  1.3796471e+00
 -4.3790508e-02
  3.4518423e-03
  5.3469427e-02
 -2.9630080e-02
 -4.6012864e-02
 -1.1980569e-01
 -3.3350721e-02
  2.9211136e-02
  4.9400844e-02
 -1.2642466e-02
  2.3110989e-02
 -3.7881738e-01
  1.5038709e-01
  5.3552110e-02
 -6.6864759e-01
  1.5869660e+00
 -1.3561304e-01
  4.7549745e-03
 -2.0592989e-02
  5.4080419e-02
 -8.3409250e-02
  7.1532413e-02
 -2.2452535e-02
  4.5332514e-02
 -1.9487267e-02
 -4.6480570e-02
 -3.4999590e-02
 -3.3189584e-02
 -1.3729743e-02
  6.7713380e-02
 -2.3684666e-02
  4.2080921e-03
 -5.2571660e-03
 -4.9712602e-03
 -5.2586198e-02
 -2.2639081e-02
 -2.6143117e-02
  1.3230313e-01
  1.6209502e-02
 -1.0639188e-01
  2.7118569e-02
  2.1369735e-02
  2.9975650e-01
  1.2009954e-01
  1.1667949e-02
 -5.0234184e-02
  5.1065856e-01
 -8.1372827e-01
 -2.5546074e-02
  5.1358891e-01
 -8.4775484e-01
  2.5389431e-02
  9.8776169e-02
  1.3079926e-02
  1.0315561e-01
 -2.6262429e-02
  1.3516354e-02
  2.4567043e-02
 -9.1879845e-02
 -1.8559203e-02
  5.2671168e-02
 -5.2554682e-02
  1.4149208e-01
 -9.0996816e-04
  1.8120824e-01
  1.2530167e-02
  1.8557254e-02
 -2.3416337e-02
 -1.2202763e-01
  5.4540586e-02
  5.1780660e-02
  1.4150311e-01
  1.5959632e-02
  6.5912038e-02
  1.1078250e-01
  5.8192331e-02
 -6.8711184e-02
 -1.2498238e-02
  2.1246105e-01
  2.5046838e-02
  5.5814944e-02
  3.0117425e-01
 -2.4288520e-01
 -1.3522970e-02
  1.1876961e+00
 -8.2576048e-01
 -3.5204583e-01
  4.9158204e-02
  5.4870032e-02
 -1.2780153e-02
 -9.1010189e-01
  5.7548899e-02
  3.0096525e-02
 -7.9909302e-02
  8.9252107e-03
  1.2012151e-01
  5.2054074e-02
  1.4441375e-01
 -1.7104433e-01
 -3.1637400e-02
 -5.4292446e-03
 -7.9856217e-02
 -1.5857013e-01
 -1.7846117e-02
  2.8669478e-02
 -3.4901373e-02
 -1.6529802e-02
  7.6152682e-02
 -3.1448044e-02
  1.1626398e-01
 -1.4492932e-01
  8.1744685e-04
  1.1160032e-01
 -4.2111635e-02
 -2.9766809e-02
 -3.8599525e-02
 -5.2559549e-01
  3.5509959e-01
 -1.3779668e-02
 -9.4740790e-01
  1.1353617e+00
 -6.1552159e-02
  6.4849891e-02
  5.3894590e-03
 -3.2456968e-02
 -2.7727297e-01
  4.4617344e-02
 -1.3163948e-01
 -6.4048253e-02
 -1.5419682e-02
  6.4552166e-02
  5.1951196e-02
  2.3051292e-02
  1.2181629e-02
 -5.5953264e-02
 -3.5106014e-02
 -7.5976893e-02
  3.2722112e-02
 -8.3451018e-02
  1.1453789e-01
  6.9229729e-02
 -8.1000794e-03
  9.3029782e-02
  2.4019302e-01
  9.9914104e-02
  4.9315717e-02
  9.3669437e-02
  1.3856575e-01
 -5.7993200e-02
  9.2989720e-02
 -2.1383445e+00
  4.7658277e-01
 -6.3266808e-01
 -2.1297002e-01
  8.5599679e-01
 -8.2977194e-01
 -2.0858593e-02
 -2.1914324e-02
  8.3722230e-03
 -9.1911845e-02
  1.5793767e-02
 -3.1302248e-03
  1.7869007e-02
 -6.7201197e-02
 -1.1636334e-02
 -1.6153647e-01
  1.5210871e-01
  7.1799301e-02
 -1.3140091e-01
 -3.4344925e-03
  2.6318428e-01
 -2.8447539e-02
  9.0430370e-03
  9.3822731e-03
  6.9403879e-02
 -2.1642745e-03
 -1.4147088e-02
 -1.9630322e-02
 -3.4700088e-02
  2.3280827e-02
  5.7638530e-02
 -4.1336950e-02
 -6.4081781e-02
  1.8137729e-02
  1.9424866e-01
  3.0893471e-02
 -1.8961172e+00
  2.1883926e-01
  2.8054878e-02
 -5.0257027e-01
  9.6754092e-01
  8.1541725e-02
 -1.9810377e-02
  1.0161451e-01
 -1.6589603e-01
  3.9980222e-02
  1.2364686e-01
 -9.7860955e-03
  4.5607020e-03
  1.7960105e-02
 -8.3952501e-02
  7.2234109e-02
  7.5841285e-02
  2.3401077e-01
  3.6820404e-02
 -7.6846254e-01
  3.9108593e-02
  5.6169573e-02
 -5.8939207e-02
  6.6387638e-02
 -1.4734988e-02
  1.3882536e-02
 -4.9085416e-02
 -9.1695912e-02
 -1.7216902e-02
 -2.3304955e-03
  1.6514615e-03
  1.5551613e-02
 -2.1611882e-02
 -1.3940684e-02
 -1.2263702e-02
 -1.2041695e-01
 -1.9822396e+00
  2.2083919e+00
 -1.6462831e+00
 -1.2355796e+00
 -1.2626632e-01
  1.8679735e-01
 -6.4449862e-02
 -3.3867024e-03
  1.4151825e-02
  2.7968774e-03
  4.4977200e-01
  1.6540354e-02
 -9.7175322e-02
 -1.7355658e-01
 -1.3313828e-01
  4.5037694e-02
  3.9033115e-01
 -3.4282748e-02
  1.3120415e-02
 -1.1132712e-01
  4.7320206e-02
  2.5916320e-01
  1.1716925e-02
  3.0889252e-01
 -2.5131874e-02
  2.6442749e-02
  4.0679914e-03
 -1.7611442e-02
 -6.0660648e-01
 -1.3710041e-02
  4.4862289e-02
 -9.7943833e-03
  1.4641215e-01
  1.9320583e-02
  2.6318458e-01
 -1.1945949e-01
 -1.3208067e-01
  1.1258047e+00
 -5.4507285e-01
  4.3269996e-02
  1.4736880e-02
 -1.5112995e-02
  1.3603013e-02
  2.2418715e-02
 -4.3048408e-02
  5.4359157e-02
 -2.3028234e-02
 -2.1341087e-02
  4.2232174e-02
  7.0415050e-02
 -1.6710356e-01
 -1.3129115e-02
 -6.8720214e-02
 -1.1042757e-01
 -4.5866799e-02
 -5.6304887e-02
 -2.4397800e-02
 -1.1492669e-01
  1.1269161e+00
  3.7597839e-03
 -4.7683388e-02
  1.4218450e-01
 -8.1844680e-04
  5.3465223e-01
 -1.0168392e-02
 -3.2229619e-03
 -1.3921280e-01
 -6.1037626e-02
 -2.1384290e-01
  4.9081090e-01
 -3.5317856e-01
 -1.0136466e-01
  1.0076950e+00
 -8.4622532e-01
  6.2974721e-02
 -2.4876973e-02
  6.3023520e-01
  4.7094151e-02
  9.6785668e-03
 -2.1693027e-02
 -1.1653825e-01
 -1.1384938e-03
 -6.4956404e-02
 -2.1780146e-02
  5.5610124e-02
 -1.6695657e-01
  5.6758355e-02
  2.0409895e-01
  2.5257911e-03
 -1.9873550e-02
  3.3373669e-02
  1.3769364e-02
 -7.8045987e-02
  1.3482807e+00
 -5.0992691e-03
  7.2404385e-02
 -4.6730734e-02
 -5.8321200e-02
  4.4756055e-02
 -1.3627140e-01
 -3.9978556e-02
  6.6699320e-03
 -4.6927452e-02
 -8.2020596e-02
  2.7339365e+00
 -3.2738823e-01
 -1.9782990e+00
 -7.5989020e-01
 -7.7668864e-01
  3.5899703e-03
 -1.1472848e-02
 -1.2744705e-01
 -4.1209910e-02
  1.0860281e-01
  6.4936793e-01
 -1.3093681e-02
 -4.1482572e-02
  2.5230858e-02
  7.5590968e-02
  2.2202570e+00
 -8.7668758e-04
 -7.8123063e-01
  9.8009771e-03
  1.1303509e-01
 -8.0301002e-02
  2.1188825e-02
  4.2500500e-02
 -2.6370683e-01
 -2.1048953e-01
  1.7539797e-02
 -1.9382363e-02
  3.4435173e-03
 -2.3094531e-02
 -1.9179852e-01
  1.1303065e-02
  8.9601792e-02
  5.3534270e-03
 -1.2705356e-01
  3.5545874e-02
  1.7633542e-02
 -5.4224855e-03
  1.2533659e-01
  3.5808415e+00
 -1.1664593e+00
 -1.3399333e-02
  1.4555602e-02
 -1.4760867e-01
  4.1917421e-02
 -1.2508230e-02
  3.2534454e-02
  1.0419738e-02
 -8.5132129e-02
 -4.5660879e-02
 -3.3328671e-02
 -5.2696341e-03
  1.1715437e+00
 -4.2843014e-02
  1.0971091e-03
 -4.8567660e-02
  9.2116617e-02
 -1.7489616e-02
 -1.0036862e-02
  2.7372628e-02
  3.3529140e-02
  2.9044388e-02
  1.0603585e-02
  1.5114991e-01
 -1.4832983e-02
 -1.3360617e-01
  1.3684930e-01
  6.9802688e-03
  1.3883414e-02
  3.7026983e-02
  4.8626766e-02
 -1.5991617e+00
  4.8519200e-01
  8.4021494e-02
  1.0348502e+00
  1.8116325e+00
 -1.0606169e-02
  5.0272070e-02
 -1.7009525e-02
 -9.2257215e-03
 -8.5644133e-02
  8.9441635e-02
 -8.5470535e-02
 -1.7536588e-02
  8.9451097e-02
 -2.9194960e-02
 -5.9449773e-02
 -5.5559844e-02
  3.9486946e-03
  2.3591528e-02
  7.0769335e-03
  4.3449461e-02
  1.0592022e-01
  3.2830108e-02
 -1.1635477e-02
  1.3777413e-02
 -3.2027856e-02
  1.7261671e-02
 -7.8226484e-02
 -3.0092444e-02
  1.2813229e-02
 -3.9478086e-02
 -1.8470676e-01
 -4.7861416e-02
 -5.8195099e-02
 -1.4093119e+00
  1.9091781e+00
 -2.5067204e-01
 -7.3538581e-03
  5.1355523e-01
 -3.8267496e-01
  1.6294634e-02
  9.3402166e-04
 -1.1625203e-01
 -1.1249584e-01
  3.1572953e-02
 -2.9253464e-02
 -7.9131693e-01
 -3.9310094e-02
 -3.1358384e-02
 -1.6131612e-02
  7.2826128e-03
 -3.2008301e-02
 -7.3237263e-02
 -4.3856511e-03
  4.2028170e-02
 -6.5937266e-02
  3.5635827e-03
 -8.3197914e-02
  6.9781470e-01
 -1.1292104e-02
  8.5127102e-03
 -9.6150376e-02
 -4.6440683e-02
 -3.7340786e-02
  3.4943748e-02
 -1.5870117e-02
 -3.4397567e-04
  1.7851093e-01
  2.2698663e-01
  4.5565873e-02
  5.3161007e-01
 -3.1644449e-01
 -3.7192181e-03
  1.1361787e+00
 -7.1400702e-01
  2.1559185e-01
  1.7280416e-03
 -1.8091498e-02
  2.7490227e-02
  9.6840346e-03
  2.3504039e-02
  1.7902834e-02
 -1.3332370e-01
 -8.9771420e-02
 -3.0746369e-02
 -1.1208341e-01
 -1.0242223e-01
 -3.1429585e-02
 -5.7459652e-02
  1.1937229e-02
  2.7198726e-02
  1.5902577e-01
  3.6754478e-02
  1.3262281e-01
 -2.7128158e-03
 -5.5239748e-02
 -1.0840102e-01
  1.0961005e-02
  1.4428382e-01
 -1.0536497e-02
  6.7667171e-02
  7.6266646e-02
 -1.3626158e-01
 -3.2373197e-02
 -1.4078258e-02
  2.9030871e+00
 -3.4220800e-01
  5.2627296e+00
  9.9914277e-01
 -3.9409228e-02
  1.6147813e-02
 -6.3225186e-01
  5.5903429e-01
 -4.0951294e-01
  1.1876412e-02
  8.7916087e-03
  8.5451341e-01
  3.5113692e-01
 -5.6848091e-01
  2.7180257e-01
  1.1073182e+00
  7.2583991e-01
 -8.3403170e-02
 -3.6099784e-02
  5.7487565e-01
  2.5003472e-01
  2.7445629e-01
 -9.1878390e-03
  1.0884107e-01
 -6.6768032e-01
  7.0281677e-02
  1.2045686e-02
  1.8133174e-01
  7.5615309e-02
 -2.9363628e-02
 -1.2391239e-01
 -9.6962452e-02
  1.8250793e-02
  2.0180929e-02
  4.2216595e-02
  7.1038067e-01
 -5.9752536e-01
 -1.5381743e-01
  3.2245758e-01
 -9.6429127e-01
 -6.2260788e-02
  3.9947949e-02
  1.1143327e-01
 -9.1030315e-02
 -1.7660523e-02
  6.2998302e-02
  2.2496033e-02
  1.2803395e-01
 -8.4075786e-02
  7.3804304e-02
  4.7869716e-02
 -3.8453888e-02
  1.8418005e-01
  1.1476445e-02
 -1.8135028e-02
 -2.3932494e-02
 -1.1525137e-02
 -4.7073767e-02
  4.7481768e-02
  5.2871346e-02
 -1.0460251e-01
 -1.6508888e-01
  1.1106789e-01
  3.9097653e-03
  6.1729494e-02
  4.4901829e-02
 -7.5461329e-03
 -4.8484672e-02
  9.0025127e-02
  2.0239418e-02
 -1.2632403e+00
  1.7512764e+00
  3.2736510e-02
  8.8215494e-01
  1.4154377e+00
 -1.8506527e-02
 -4.3492425e-02
 -6.2223304e-02
 -6.4940639e-02
  9.5121972e-03
 -4.4362724e-02
  3.0067701e-02
 -4.8373859e-02
 -1.1547201e-01
  1.9740732e-01
  3.7199561e-03
 -6.4614184e-02
  2.4258986e-02
 -5.4756489e-02
 -8.7399393e-02
 -4.8272177e-03
  1.8986888e-02
  7.6896310e-02
  1.4232991e-02
 -6.2528335e-02
  9.0935245e-02
 -7.9888500e-02
 -5.5459317e-02
  2.9366851e-02
  7.2615743e-02
 -1.1052650e-01
  1.0514113e-02
 -4.8844650e-02
  1.5974812e-02
 -6.7671889e-01
 -8.9146480e-02
  6.1142331e-01
  2.5847945e-01
 -1.0446510e+00
  7.6865530e-01
  3.7987586e-02
  5.6476902e-02
  9.3048126e-02
 -8.6920083e-02
  7.2846726e-02
  1.2272044e-01
  3.5104733e-02
  4.8973333e-02
  4.6983801e-02
 -7.1305722e-02
  5.3827461e-02
 -1.6191517e-01
  5.9959885e-02
  8.4851094e-02
 -1.1929924e-01
 -3.0863944e-02
  7.8729168e-03
  1.1469333e-02
  1.0361727e-01
  1.3397767e-03
 -2.3127610e-02
 -6.1722562e-02
 -5.4409068e-02
  3.2531768e-02
 -1.2215779e-01
  1.8622749e-01
  3.7160080e-02
 -7.0801713e-03
  1.7141147e-01
  9.5913745e-02
 -5.0293165e-01
  5.1142710e-01
  9.3237273e-02
 -1.1571313e+00
  1.0881362e+00
 -2.1706642e-01
  1.7390592e-02
 -1.8478224e-01
  6.3615434e-02
 -5.1763855e-02
 -1.7322578e-03
  9.9728301e-02
  2.9713050e-02
  4.5551579e-02
  1.6676290e-01
  4.4754753e-03
 -5.9527114e-02
 -2.4333680e-02
 -1.6894931e-02
  1.1927654e-02
  1.4039595e-01
  4.4442285e-02
  9.3214668e-02
  5.0097719e-02
  1.0754179e-01
  3.3174954e-02
  5.3118486e-03
  5.5990919e-02
 -2.5117159e-02
 -2.0257873e-02
  1.5182750e-02
 -1.3557783e-01
  2.3141216e-02
 -5.7344330e-03
  4.0438477e-02
  2.2125445e-01
 -7.5523931e-01
 -6.0749192e-02
  8.3689123e-01
 -9.9758029e-01
  1.1545714e-02
 -1.4326473e-01
 -8.7271389e-03
  4.8243586e-02
  1.5606738e-03
  1.3121325e-01
 -1.4229104e-01
  8.0194324e-02
  1.4599611e-01
 -3.7059680e-02
 -5.3187225e-02
  4.6769515e-02
 -4.9599387e-02
 -6.2980130e-03
  2.5815561e-02
  3.5753369e-02
  5.3915944e-02
 -1.2273438e-02
 -2.9225299e-02
 -1.6974464e-01
 -6.8275660e-02
  5.4112185e-02
  1.1774777e-02
 -2.6816144e-04
  6.7544449e-03
  4.4305846e-02
 -3.7936009e-02
 -9.3858473e-02
  1.2220964e-01
 -2.8035691e-02
 -1.3101007e-01
  3.3250400e-01
  1.1133669e-01
 -1.0830156e+00
  7.2304541e-01
  2.1619665e-02
 -4.9028834e-03
 -6.1712921e-02
 -5.2387506e-02
  1.5708597e-01
  8.5316397e-02
 -4.9447760e-02
 -4.8742238e-02
  1.2461466e-02
  4.3849409e-02
  1.4147229e-01
 -2.0159846e-03
 -5.2994907e-02
 -5.1094345e-03
  1.7387652e-01
  2.3889660e-03
  7.1855020e-03
 -2.3973357e-02
 -9.4843298e-02
  1.8640086e-02
  1.1814273e-01
  1.2455906e-03
  3.3946011e-02
 -9.4873980e-02
 -1.1565415e-02
  1.1575375e-01
 -1.0477311e-01
  8.4220238e-02
  1.6460723e-01
 -9.9698208e-02
  1.1149080e-01
 -4.0691859e-01
  8.7689077e-03
  2.1405020e+00
 -1.5248312e+00
  1.5997717e-02
 -7.7966005e-02
 -1.1755776e-01
  1.3653627e-02
  9.8427967e-04
  2.4704742e-01
 -2.3775570e-01
 -6.2890932e-02
 -6.8925372e-03
  1.7871665e-02
  3.9563324e-02
 -3.5562426e-02
  3.5480987e-02
 -2.0880332e-02
 -2.6956413e-02
 -6.0260598e-02
  1.8707681e-02
 -4.1327175e-02
 -1.5333299e-02
  6.3002650e-03
  4.1259810e-02
  5.0770704e-02
  4.7187682e-02
  6.6675618e-02
  1.4823109e-01
  9.9923156e-02
  4.5858737e-02
  1.2001675e-01
 -5.2808333e-02
  7.1802504e-02
  1.0912499e-01
 -3.8005581e+00
  8.3715022e-02
  5.3913131e-02
 -4.8946416e-01
  5.4407112e-02
  1.6658685e-01
  4.5094918e-02
 -2.4268573e-02
  5.0201703e-02
 -6.0218789e-02
 -2.8522076e-02
 -3.4620959e-02
  6.0494235e-03
 -7.4640512e-02
 -1.5578406e-01
 -1.5350807e-01
 -5.4819964e-02
  2.2863824e-02
 -4.8372876e-02
 -6.6001296e-02
  2.3905104e-02
 -2.6267746e-02
  5.1075269e-02
 -4.2252690e-02
  3.7677903e-02
  9.3150437e-03
  1.2642685e-01
  4.0710126e-03
 -1.9382156e-02
  4.2323876e-02
 -8.9844219e-02
 -8.2519241e-03
 -1.1311328e-02
  4.6244759e-02
  4.3543133e-01
 -1.5010987e-01
  3.0832510e-02
  9.5676363e-01
 -8.0899715e-01
 -2.4060760e-02
 -2.7521120e-02
  3.3810515e-02
  7.6472610e-02
 -1.4531556e-02
  5.2270185e-02
 -5.2498218e-02
  6.1033484e-02
 -1.0285197e-01
  1.0149837e-01
 -5.0785467e-02
 -5.6842035e-03
  4.3611154e-02
 -2.9867887e-02
 -2.1968263e-03
 -5.1790051e-02
 -1.7193112e-01
  1.0164760e-01
 -2.2006361e-02
 -7.7316971e-03
  1.2571484e-01
 -1.3429162e-01
  1.5028399e-01
  8.1192419e-02
 -2.6735621e-02
  3.6723793e-02
  6.0318492e-02
 -6.4884774e-02
  5.4026973e-03
 -2.8554833e-02
  9.3710667e-01
 -2.4546452e-01
 -1.4865677e-02
  8.0454063e-01
 -4.7507998e-01
  1.0128528e-01
  1.3367690e-01
  1.1788830e-01
 -1.6144195e-01
  3.2397039e-02
 -6.8768442e-02
  1.3646573e-02
  5.5790465e-02
  1.3003536e-02
 -6.2853955e-02
 -4.0805400e-03
 -7.1624674e-02
 -1.3719510e-01
 -2.8090978e-02
 -1.6442589e-02
  1.2868458e-01
  6.0086373e-02
  2.6628564e-03
 -8.9968614e-02
  1.4549619e-02
 -2.4735381e-01
  7.2102971e-02
 -2.9183488e-02
  1.6252497e-02
  6.0115173e-02
 -1.0071646e-01
 -8.3784774e-02
  1.8049785e-01
 -8.6445190e-02
 -1.9478191e-02
 -4.7357219e-01
  8.6202455e-01
  2.4027324e-01
 -4.6755657e-02
  1.0306882e+00
 -6.5474003e-03
  2.4195146e-02
  2.6062585e-04
 -1.8674132e-03
  2.8553959e-02
 -6.9826268e-02
 -2.4100170e-01
 -5.9147097e-02
 -1.0819444e-02
  8.6674832e-02
 -2.0777397e+00
 -4.2669778e-03
  1.4979390e-03
  1.3196318e-01
 -2.5229784e-02
  2.6102189e-02
 -1.0573084e-02
  2.8045448e-02
 -4.1111410e-02
  9.5453657e-02
  4.4935055e-02
 -4.1990238e-03
 -9.0017682e-03
  6.6056922e-02
  5.5612572e-02
  7.8846989e-03
 -2.4052463e-02
  1.2389287e-01
 -9.6283026e-02
  1.8168345e-02
  5.8653522e-01
 -4.7608715e-01
 -2.8607041e-01
  4.4762728e-01
 -1.1360761e+00
 -4.8697788e-02
 -6.6884109e-03
 -1.2830515e-01
  5.2783329e-02
  4.6097506e-02
  1.0203457e-02
  8.2829975e-02
  2.9647827e-02
  2.6631713e-02
 -4.7610518e-02
  1.1829407e-01
 -2.3663478e-02
 -4.3590188e-02
 -5.6978669e-02
 -1.9111125e-02
 -8.6605614e-03
  3.9525691e-02
  2.7260795e-02
 -1.2800148e-01
  1.2617765e-01
  7.2695456e-02
 -3.4024414e-02
  1.8984901e-02
 -5.7806130e-02
 -1.5380877e-02
 -5.9499819e-02
 -1.4587409e-02
 -1.9033982e-01
 -5.6197256e-02
 -3.8810164e-02
 -4.4640025e-01
  7.1163958e-01
  1.2946199e-01
 -7.7009660e-01
  8.9146990e-01
 -7.4565299e-02
  2.2869213e-02
  1.5035594e-02
  2.9574493e-02
  8.1421301e-02
 -6.5219648e-02
 -6.1355978e-02
 -3.2092765e-02
 -1.2416249e-02
  1.2685079e-02
 -8.3215982e-02
  2.9683544e-03
 -9.1074042e-02
  2.9373050e-01
  1.0704544e-02
 -8.9178659e-02
  1.3522398e-01
 -3.8853109e-02
 -4.7238316e-02
  1.0659336e-01
  6.4576916e-02
  2.6918150e-02
  4.2398442e-02
  2.0492293e-02
 -5.0420284e-02
 -9.4039636e-03
  7.0219585e-03
 -7.6437466e-02
  3.3340797e-02
  3.9793115e-02
 -6.5601063e-01
  5.6890365e-02
  7.6014474e-02
 -1.0278977e+00
  9.8426300e-01
 -1.0111441e-01
 -5.6461453e-02
 -3.1558678e-02
 -1.4843754e-02
  7.6008858e-03
 -1.6034946e-02
  1.2741657e-02
  2.0781398e-02
 -1.4280687e-01
  2.5776792e-02
  8.8040739e-02
 -1.2021393e-01
  3.9385322e-02
 -3.2923013e-02
 -1.5874531e-03
 -6.0096469e-02
 -6.4750402e-03
  5.3877319e-04
 -1.6208425e-01
 -1.5489827e-01
 -3.0781111e-02
 -7.9717845e-02
  6.7224177e-03
 -4.3353903e-01
 -6.7372336e-03
  2.7578590e-02
 -2.3045642e-02
  1.1452172e-02
  9.4232947e-02
 -3.3378214e-02
  9.3749389e-02
 -5.9988511e-01
 -2.4225077e-02
  8.1617022e-01
 -9.2824841e-01
  7.4610859e-03
 -6.0730197e-02
 -3.7458628e-02
  7.3178574e-02
 -2.6055970e-03
  2.3525106e-03
  2.8960055e-02
  5.0851759e-02
  1.2221738e-02
  5.5912163e-02
  6.0314599e-02
 -1.1623037e-01
 -1.3457201e-01
 -1.3215391e-01
  7.9263560e-02
  7.7654772e-02
  1.7314825e-02
  6.4685151e-02
  5.5155522e-01
  1.4590328e-02
 -1.4642169e-01
  5.4725733e-02
  4.5590281e-02
  4.8859246e-02
  1.1547732e-03
  2.7799997e-02
  4.6751514e-02
  2.2428120e-02
  4.4454224e-02
 -3.7456486e-01
  7.8057277e-01
  5.6806278e-01
 -3.1143987e-01
 -2.4903812e-03
 -1.3731508e+00
  1.5741977e-01
  1.5971839e-02
 -6.7947946e-02
 -3.2445541e-01
  1.0731858e-01
  1.3773428e-02
 -4.9346976e-02
 -2.9159116e-02
  1.0523711e-01
  1.0690981e-01
  6.7075543e-02
 -7.2072923e-02
 -1.8720493e-02
 -1.0617290e-01
  3.4143295e-02
 -1.7598340e-02
  6.0458362e-02
  7.2647240e-03
 -1.0202728e-01
 -2.9636566e-02
  2.4848716e-02
  4.5152895e-02
 -3.4602657e-02
  9.0095915e-02
  9.5320582e-02
  3.3219729e-02
  5.2464738e-02
 -5.0715577e-02
 -2.1250557e-02
  3.1083172e-02
 -2.7841076e-01
  5.2592653e-01
  2.8239557e-01
 -1.1296778e+00
  6.2626652e-02
  1.7367406e-01
 -3.1005794e-02
  1.1120175e-01
 -2.8779965e-02
 -6.5843070e-01
  5.5641573e-02
  5.5506546e-03
 -5.2179541e-03
 -6.7776121e-02
 -1.1575152e-01
 -4.3254610e-02
  4.9499481e-04
 -1.5055856e-01
 -1.2569959e-01
 -6.3658409e-02
  6.8555092e-03
 -7.1470626e-02
 -3.9906330e-02
 -3.9878678e-02
 -8.7695252e-03
 -2.2685440e-02
 -3.6644276e-02
  6.9599815e-02
 -7.1372300e-02
  2.5708878e-02
  1.1177795e-02
 -2.0465394e-02
 -8.3683664e-03
 -4.0672682e-02
  9.4300449e-02
  7.6056182e-01
 -1.0366372e-01
 -2.4035671e-01
  6.9534796e-01
 -7.3556960e-01
  6.9365638e-01
  1.4060973e-01
  3.2707207e-02
 -8.2965714e-01
 -8.6105270e-03
  2.9560756e-03
  1.7822411e-02
  8.4017096e-03
 -3.2274317e-02
  6.3706920e-02
 -1.3569213e-02
  9.0299644e-02
 -8.6733872e-01
 -1.3926888e-02
 -8.4692072e-03
  6.3347861e-02
 -2.0599863e-01
  1.7400445e-02
  1.8827189e-02
  6.4979933e-02
  7.4525103e-02
  2.1258013e-04
  1.2068379e-01
  1.8754115e-02
  2.8265787e-02
  1.3616281e-02
 -1.4225070e-01
 -6.9018662e-02
  1.9450892e-02
 -2.6218828e-02
  1.5183032e-01
 -1.0373858e-01
 -4.7081977e-02
  1.1449481e+00
 -1.4914520e+00
  8.7381072e-02
  3.5831444e-02
 -6.2747769e-02
 -1.6543357e-01
 -7.3666885e-02
 -1.9872029e-01
  4.3123584e-02
  1.8674453e-01
  5.7168095e-03
  3.9366692e-02
  2.2519711e-02
  1.3623282e-01
  4.2994525e-03
  7.4753612e-02
 -3.9253607e-02
 -2.4446519e-02
  3.3373963e-02
  3.1113360e-04
  4.0558498e-02
  8.4304832e-02
 -7.3138945e-02
  1.2070272e-02
 -8.6032122e-02
  2.3200845e-02
  9.2172571e-02
  7.8196084e-04
 -3.5744149e-02
 -1.3698834e-02
 -1.8434459e-02
 -8.9285905e-03
  9.4851270e-02
 -5.8710545e-01
 -3.6993526e-02
  5.8489269e-01
 -8.4991199e-01
  6.1074056e-04
 -4.1318327e-02
  1.8000402e-02
  8.9453101e-01
 -4.2169057e-03
  1.1240792e-02
  1.1274685e-01
 -1.8785154e-02
 -2.4823382e-02
 -3.1396668e-02
  1.6383365e-02
  1.7107660e-02
  1.4631516e-01
  1.9611290e-03
 -3.9474335e-03
  6.6972777e-02
 -3.5174564e-02
  1.9298999e-02
  1.2047851e-02
 -1.7921610e-02
 -1.4745161e-03
  3.1942341e-02
  1.5003098e-02
  8.5263759e-02
 -5.3661462e-02
 -2.3694453e+00
  8.4574878e-02
  7.8019224e-02
  8.5114561e-02
  5.7880364e-02
 -2.5800407e-01
  2.8266770e-01
  1.2893258e-01
 -1.0503956e+00
  1.1811230e+00
  1.0553502e-01
 -8.2565762e-02
  7.1629458e-03
  1.8169323e-02
 -1.2834170e-01
 -1.5999728e-01
 -1.6915952e-03
 -3.8058888e-02
  6.8485446e-02
 -1.4737263e-01
 -1.5435280e-02
  7.5376801e-02
  9.6581593e-02
  3.5032563e-02
 -9.8466929e-03
  2.5958309e-02
  1.2336981e-01
  6.3830189e-02
 -5.2943781e-02
  7.8996347e-04
 -3.5054691e-02
  6.9386713e-02
  9.5091254e-02
 -1.4253153e-02
 -8.4567629e-02
  3.1189209e-02
  3.1402320e-02
  1.2291045e-01
 -2.9460213e-01
 -3.3177432e-02
  2.3016268e-01
 -3.9347529e-01
 -3.5455778e-01
  1.1218265e+00
 -9.9133766e-01
  4.1666433e-02
  2.1689177e-01
 -5.0792657e-02
 -5.4190434e-03
 -1.7037362e-02
 -3.1140801e-02
 -7.1745016e-02
  1.6450778e-02
 -5.7143047e-02
  6.0406558e-02
  2.6978040e-02
 -1.0831138e-01
 -1.2971587e-02
 -6.5633155e-02
 -1.0179963e-01
 -1.2443375e-01
 -5.3308387e-03
 -2.9662529e-03
  1.9597916e-02
 -1.6102495e-02
 -1.5179336e-02
  1.2385496e-02
  6.1504625e-02
 -7.0481119e-03
  9.0918936e-02
 -3.6312371e-02
  9.9502228e-02
  2.1634458e-02
  6.1120458e-02
  6.0741031e-03
  8.4858429e-01
 -3.9415845e-01
 -5.5397117e-01
  5.2657551e-01
 -8.8497913e-01
  5.4050189e-02
  2.2477041e-01
  1.0424628e-03
  6.0339678e-02
 -3.6047287e-02
  7.7145562e-02
 -9.7236925e-01
  9.3263164e-02
  2.2331566e-02
 -4.2377952e-02
  4.1707795e-02
 -1.1051782e-02
 -8.1414357e-03
  2.6692964e-02
 -9.3955296e-01
 -1.3996217e-02
  1.1328723e-01
  3.3309609e-02
 -3.6219712e-02
 -1.5365084e-02
  4.6319984e-02
  1.5393075e-02
 -3.9996628e-02
  1.0070284e-01
  1.5185058e-01
 -1.0924547e-01
  8.7525710e-02
 -4.7707232e-03
  1.0298288e-01
 -7.3215418e-02
 -8.8507599e-01
  2.5549617e-01
  7.4719121e-03
 -7.0236123e-01
  7.2848868e-01
 -8.5481741e-02
 -4.0284202e-02
 -5.8153626e-02
  6.5978847e-02
 -1.8368404e-02
 -7.5135246e-02
  1.1997802e-02
  7.0704721e-02
  1.6921894e-01
  4.5070358e-02
 -1.0546828e-01
  2.0815657e-02
 -2.9091118e-03
 -9.5685169e-02
 -3.3406451e-02
 -1.0084802e-01
  1.2280481e-01
  7.6710065e-03
 -1.3342442e-01
 -4.1145846e-02
 -3.2064408e-02
  7.7840209e-02
  9.9353403e-02
  9.3024895e-02
 -1.1281116e-01
  9.7605866e-01
 -4.9181897e-02
 -1.9853177e-02
 -3.1279605e-02
  5.4304730e-02
  1.7503923e+00
  9.9626705e-02
  2.5412413e-01
 -7.9479843e-01
 -7.2006539e-02
  5.2926558e-01
  5.3941357e-01
  1.4988662e+00
  2.9828450e-01
  5.7731833e-02
  3.8464311e-01
  4.4811040e-01
  2.3565938e-01
  2.3033628e-01
 -1.8247904e-01
  3.2195143e-02
 -4.5681384e-01
  1.9327377e+00
  5.9654415e-01
 -6.2398292e-02
  1.6398416e-01
  2.6414469e-02
  6.9474673e-01
  6.2822300e-01
  5.9414977e-01
  2.5393946e-02
  8.1491381e-02
  3.5207781e-01
  1.4566475e-02
  5.2424703e-02
 -1.9124691e-01
 -1.7504628e+00
 -8.0869573e-01
 -1.2581018e-01
 -3.3849514e-01
 -6.4932203e-01
  2.6301822e-01
  7.3088445e-02
 -1.0610005e+00
  1.1158955e+00
 -6.2516749e-02
  1.1448400e-01
  8.3628878e-02
  2.5023093e-02
  6.8379633e-02
  7.2067012e-03
 -3.3706270e-02
 -2.3005011e-02
 -2.1282861e-02
  1.0109409e-01
  8.0310032e-03
  7.8238927e-02
 -2.5541330e-02
 -9.2643127e-02
  1.0033136e-01
  1.1271495e-01
  5.4505859e-02
  3.0552592e-02
  4.1472246e-03
  2.8959015e-02
  7.4378408e-02
  1.2416776e-01
  4.6663564e-02
  1.4781462e-01
  1.1809405e-01
  4.2005103e-02
 -8.8874564e-02
 -3.7182126e-02
 -2.7161798e-02
 -7.1123995e-02
 -4.7918385e-01
 -1.1233459e+00
 -3.3108795e-01
 -9.0486455e-01
  9.9969584e-01
 -2.4582485e-02
  6.7797577e-01
  8.3843613e-01
  3.0017802e-01
  2.2160251e-01
 -8.4785891e-01
 -1.1743750e-01
  1.2895241e+00
 -7.3728997e-01
 -1.0397054e-01
 -1.3908179e+00
  1.4497474e-01
  7.5294209e-01
  8.3164227e-01
 -2.0854601e-01
 -1.8606178e+00
  1.3656011e+00
  2.6273604e-02
 -6.2590110e-01
  4.7716959e-03
  5.4479416e-02
 -4.1467911e-03
  8.6393759e-02
  7.4707665e-02
 -3.6168292e-02
 -5.9318636e-02
 -1.7295176e-02
  2.1502106e-03
  7.1422815e-02
  1.4090812e-01
 -1.6370627e+00
  2.2194922e+00
  2.1415983e-01
  7.7593184e-01
  2.3554595e+00
 -8.2138464e-02
  8.1942898e-01
  4.4750866e-02
 -3.3557039e-02
 -1.2945913e-01
 -6.0094947e-01
  2.1871461e-01
 -7.2238320e-01
 -1.3312252e-02
 -1.3061351e-01
 -7.1607612e-02
 -1.2900639e-01
  2.1253875e-03
  6.3690513e-02
  1.4774431e-02
 -9.9160686e-02
 -1.3284351e-01
 -6.3143731e-03
 -3.6154005e-03
  1.0309642e-02
  1.8043137e-01
  1.0418947e-01
  1.3939320e-02
 -4.7582038e-02
 -3.0588903e-02
 -1.3301153e-01
 -1.1123014e-01
 -1.1335682e-01
  1.0330229e-01
 -5.3311732e-02
  1.9258188e-02
 -3.6229423e-01
  4.9597695e-03
  7.1056110e-01
 -1.3899950e+00
 -1.3252598e-01
  1.2433577e-01
  2.0024037e-01
 -1.6192414e-02
  5.8973759e-02
  3.5495393e-02
  7.8525312e-02
  6.1785735e-02
  3.8828962e-02
  1.1919483e-02
 -5.0085351e-02
 -1.5375466e-03
 -8.2195610e-02
 -2.9852156e-02
 -7.6997109e-02
 -1.7086083e-01
 -1.2654907e-02
 -6.4654626e-02
 -2.7136456e-03
  1.2555878e-01
 -7.4574076e-02
 -6.1127935e-02
  3.9673373e-03
  6.7879908e-02
  2.3144301e-02
  1.7058682e-04
 -9.4546340e-02
 -7.5230829e-04
 -4.1594966e-03
  5.3599221e-03
 -2.9458740e-01
  1.2153307e+00
  1.4501230e-01
 -5.2077168e-01
  8.4496015e-01
 -2.0725263e-02
  2.5958896e-02
 -1.8019341e-01
 -3.5745025e-02
  6.0366970e-02
 -6.3229270e-02
  3.9464280e-02
 -2.4614792e-01
 -5.3289458e-02
  2.3075317e-01
 -7.5001607e-04
 -1.4847666e-02
 -2.5590388e-02
  1.6997354e-01
  1.6833054e-01
 -6.7062085e-03
 -3.2356359e-02
 -1.1144013e-02
 -8.2042448e-02
 -6.2896252e-02
  4.4324346e-02
 -4.1173123e-02
 -3.9185172e-01
  1.6129911e-02
 -1.7352767e-01
 -1.2746842e-02
  2.1424001e-02
  1.0730999e-01
 -1.6053706e-02
 -3.5972010e-02
 -2.3872628e+00
  1.5565687e+00
 -9.6908897e-01
 -1.3691576e+00
  1.3494256e+00
 -1.2194194e+00
  1.4634278e+00
  1.1035227e+00
  1.4746572e+00
  9.4597268e-01
 -6.8688446e-01
  1.3097991e+00
  7.8090852e-01
  1.4976298e+00
  1.7302067e+00
  7.1706998e-01
 -1.5391802e+00
 -1.5946392e+00
  1.6383419e+00
 -1.5339563e+00
  1.1949363e+00
  2.0471368e+00
 -2.1470747e+00
 -1.3426841e+00
 -6.7867398e-01
 -1.5381533e-01
  1.0384506e+00
 -1.7028984e+00
 -1.1803626e+00
  3.4074442e+00
 -1.4623532e+00
  1.1428417e+00
  1.6256936e+00
  9.0189987e-01
 -1.7128695e+00
  1.3155376e+00
  6.5984845e-02
 -9.1965181e-01
 -1.6445808e+00
 -2.2435935e+00
  1.8151168e+00
 -1.1669530e+00
  1.0276012e+00
  1.5370378e+00
 -1.3522185e+00
 -2.0146580e+00
  1.6322747e+00
 -1.9184004e+00
 -1.0957639e+00
 -1.4512516e+00
  1.8454245e+00
 -1.0807999e+00
 -1.3097470e+00
  1.5301974e+00
  1.3570181e+00
  1.0294335e+00
  5.5316216e-01
 -5.2210879e-01
 -1.0968451e+00
  1.2574685e+00
 -3.1229310e+00
  8.9001501e-01
 -2.7477217e+00
 -2.0953398e+00
  2.3451157e+00
 -1.3122500e+00
  9.7940248e-01
  9.9585229e-01
  3.9308538e+00
  3.0591519e+00
 -2.5880985e+00
  1.7455144e+00
  1.2675954e+00
  2.9379463e+00
  4.9589624e+00
  1.0579156e+00
 -2.0596175e+00
 -2.6478937e+00
  3.5133450e+00
 -2.9515266e+00
  2.6057062e+00
  1.1439428e+00
 -3.8543861e+00
 -2.7838049e+00
 -2.3460863e+00
 -1.8635195e+00
  7.3814130e-01
 -2.4872611e+00
 -2.1527956e+00
  2.3239796e+00
 -1.9850463e+00
  1.8275528e+00
  3.4313664e+00
  1.5369418e+00
 -3.4229500e+00
  1.2129314e+00
 -1.8141161e+00
 -2.7780306e+00
 -2.1994703e+00
 -3.3585942e+00
  3.4698591e+00
 -1.2940277e+00
  1.0897790e+00
  2.9137802e+00
 -1.1061405e+00
 -1.7954798e+00
  1.3262439e+00
 -2.6343863e+00
 -3.5271900e+00
 -1.0666739e+00
  6.0609684e+00
 -1.4707609e+00
 -1.2182633e+00
  2.0257938e+00
  2.7809250e+00
  1.5676070e+00
  2.6199625e+00
  1.9609698e+00
 -8.4513712e-01
  1.0734478e+00
 -1.3194972e+02
 -6.3237315e-01
 -2.2601643e+00
 -4.7019348e-02
 -1.1635436e+00
 -1.0569570e+00
 -5.2932960e-01
  4.5741297e-02
  2.9836421e+00
 -1.8764791e+00
 -8.7550938e-01
  7.2935164e-01
  1.0253841e+00
 -3.5394104e+00
 -4.0518126e+00
  1.1200023e+00
  1.5931776e+00
 -8.2060117e-01
 -9.7494453e-01
  7.0961630e-01
  5.5611819e-01
  7.8398794e-02
 -1.9225273e-01
 -2.4808680e-01
  1.4668944e+00
 -1.9709226e+00
 -1.0633451e+00
  1.6606108e+00
  2.5986452e+00
 -1.4436579e+00
 -1.4370747e+00
  1.1268106e+00
  1.2278582e+00
 -7.9308158e-01
 -5.4530483e-01
  7.5174099e-01
  1.8810155e-02
  2.7700183e-01
 -1.9558506e-01
  1.3006799e+00
 -2.1582408e+00
 -8.7872595e-01
  1.4090107e-03
 -4.9927291e-01
 -1.8798187e-01
 -3.3801954e+00
 -1.3551663e+00
  1.7588812e+00
  3.9796977e+00
 -1.6627320e+00
 -3.9676240e-01
 -3.1784103e+00
 -1.7670014e+00
  2.2243941e+00
 -7.1812090e-03
 -3.0807312e+00
  1.1746935e+00
 -2.4191678e+00
 -1.0734131e+00
  5.3830843e-02
 -1.5838233e+00
 -3.7544336e-02
 -3.8182836e-02
 -1.6021212e+00
 -1.8530583e+00
  1.4149973e+00
 -1.2993032e-02
 -1.4531660e+00
 -3.3901894e+00
  1.9177129e+00
  2.6811406e-02
 -1.0551925e+00
 -1.2878261e+00
 -6.7615670e-01
 -6.3998508e-01
  2.6849145e-01
 -1.6227463e+00
 -4.6341112e-01
 -2.3493427e-01
  1.3466665e+00
 -2.2172031e-01
 -7.9696858e-03
 -6.2817544e-01
 -2.2514365e+00
 -1.5781500e+00
  2.2558334e+00
 -4.8102969e-01
 -1.0746851e+00
 -7.5389707e-01
 -2.2753124e+00
 -3.5729089e+00
  6.4532584e-01
  2.0444064e+00
 -3.5957212e+00
 -5.5565035e-01
 -2.9623568e-01
 -6.4111978e-01
 -2.2028852e+00
 -1.9861903e+00
 -6.1803502e-01
  5.8293245e-03
 -3.4810716e-01
  1.8475841e-01
 -9.7423859e-02
 -8.8369116e-02
  7.9667383e-01
 -1.9380437e-01
 -1.1025085e-01
  6.2085342e-01
 -2.5483024e+00
 -3.9883299e+00
  1.0429320e+00
  9.1569477e-01
 -1.6705278e-01
 -4.3560117e-01
  5.9166788e-03
  7.1562183e-01
 -2.1463127e+00
  3.2285610e-01
  2.1545722e+00
  2.3483117e+00
 -3.4393852e+00
 -2.8626902e+00
  1.9975830e+00
  3.4817007e+00
 -3.0663845e-01
 -4.0453392e-01
  5.6721169e-01
  2.7648263e+00
 -1.5257691e+00
 -2.6841662e+00
  1.3494233e+00
  4.5075482e-01
 -1.0610772e+00
 -2.3349488e+00
  1.6537977e+00
  2.1521163e+00
 -3.7925020e-01
 -1.7206151e+00
  1.5288506e-01
 -6.1611839e-02
 -1.6388240e+00
 -2.0924096e+00
 -1.7583421e-01
  6.3363707e-01
 -1.5716895e+00
 -1.8898765e+00
 -1.1437008e+00
 -1.8616681e+00
 -1.3551061e-01
  2.2546133e-02
 -4.5586133e-01
 -1.4402306e+00
 -1.4263637e+00
 -1.5879700e+00
 -1.3045471e+00
 -4.9447374e+00
 -2.3697782e-01
 -5.4055327e-01
 -1.4791434e+00
 -2.8322858e-01
 -1.2576066e+00
 -3.9429799e-01
 -1.6783565e+00
 -1.9230250e+00
 -2.6544528e+00
 -1.6320801e+00
 -1.0862820e+00
 -1.1215153e+00
 -1.1328882e+00
 -2.3456328e+00
 -2.7664380e+00
 -8.9253092e-01
  8.4591001e-01
 -2.5788067e-02
  2.7690721e-01
 -1.4914587e+00
  4.3451324e-01
 -7.2912045e-02
 -5.6609350e-01
 -1.5610431e+00
 -2.6665032e+00
 -5.3901774e-01
  4.5394436e-01
  2.0389850e-01
 -2.5788596e+00
 -8.2052119e-02
  1.1705181e-01
  3.3821383e-01
  9.0427130e-01
  1.3092932e-01
 -2.3234252e-02
 -2.2233006e-02
  1.5928593e-01
  5.4835957e-02
  7.0789158e-01
  1.6098665e-02
 -1.6489114e-01
 -4.7329211e-01
  4.6311256e-01
 -1.5073132e-02
  1.8183033e+00
  4.0990299e-01
 -6.9218862e-01
  8.8662857e-01
  5.7219368e-01
 -9.8123467e-01
 -2.7070627e-02
  1.0335302e+00
  2.2548778e-01
 -3.3960417e-03
  4.6604535e-01
  2.9738644e-01
  1.0521710e-01
 -3.0082050e-01
  8.3059210e-01
  8.4408027e-01
 -2.9929015e-01
 -5.4789692e-01
  7.4075174e-01
  7.0155793e-01
 -1.0605249e+00
 -6.0141134e-01
  3.0676302e-02
 -9.8334736e-01
  2.5697741e-01
  2.4937509e-02
 -5.1587546e-01
 -1.7940162e+00
 -1.7435787e+00
 -1.4429392e-01
  6.5411913e-01
 -2.9031160e-01
 -4.2636716e-01
 -1.3196693e-03
 -1.1919602e+00
 -1.1608641e+00
  6.9744986e-01
 -1.6841228e-01
 -3.7375343e-01
  2.4745493e-01
  1.1056638e+00
 -1.6000348e+00
  8.8500887e-01
  2.6778083e+00
 -9.2837334e-01
 -7.1357977e-01
  9.5866725e-02
  1.3889236e+00
 -5.1892400e-01
 -1.1859497e-01
 -3.2456076e-01
  1.7317413e-01
 -1.2673868e+00
 -1.7087133e-01
  1.4037747e+00
 -1.1068120e+00
 -1.2887164e+00
 -1.0930159e-02
 -2.6170604e+00
 -2.0254593e+00
  2.2918026e-01
 -4.5748215e-02
  1.3388894e-01
  4.8260713e+00
 -6.8736953e-01
 -1.6830080e+00
 -1.9782184e+00
 -7.2364653e-03
 -3.3813286e-01
  2.0025898e-02
 -6.2061566e-01
 -3.2090976e+00
  9.7250593e-01
 -5.1219236e-02
  1.6914270e+00
 -1.9688820e+00
 -1.1217659e-01
 -4.0889651e-01
 -2.2921683e-01
 -7.1613550e-01
  2.3755117e-01
 -4.2057490e-01
 -1.5319096e+00
  8.7590210e-02
 -6.6590571e-01
 -3.2822702e-02
 -8.2440168e-01
  3.9444402e-01
  5.8939338e-01
 -7.3759258e-01
 -6.5602738e-01
 -3.8061316e+00
  1.0189999e+00
  4.1640870e-02
  6.1161291e-02
 -4.7566748e-01
 -4.6515876e-01
 -8.0310637e-01
  3.4757966e-01
  3.3105674e-01
  1.6587805e+00
  2.5082302e+00
 -4.1603988e-01
  1.5986513e+00
  9.4732744e-01
  8.1908822e-02
  7.0185247e-03
 -9.9986112e-03
 -3.2400088e+00
 -1.9590671e+00
  1.5596150e+00
  2.4967506e+00
 -1.1452888e+00
  5.1112795e-01
  3.5405496e-01
 -3.2328373e-01
  4.7238034e-01
  1.7014918e+00
 -4.0705776e-01
  3.4903851e-01
  7.7917194e-01
  4.0969525e-02
 -8.5345149e-01
 -6.8320590e-01
  6.5403026e-01
 -1.1044707e+00
 -1.7210448e-01
  2.2368069e+00
 -1.1978197e+00
 -1.6009529e-01
 -5.1526286e-02
 -1.0658813e-01
  1.4772605e+00
  1.0098485e+00
 -2.2604059e-02
  9.9932209e-02
 -2.4208302e+00
  6.7362934e-01
 -9.8858520e-02
 -2.5398505e+00
  2.7823955e-02
  2.0704499e-01
 -2.8135398e-02
 -3.5302186e-01
  4.2470711e-01
  1.6591267e-01
  1.7469592e-01
  6.8402952e-01
  7.2999644e-01
 -3.5962868e-01
 -1.0649625e+00
 -6.3758552e-01
  1.9566898e-01
  5.2199867e-02
  2.8580350e-01
  5.4925084e-01
  3.8572486e-02
 -4.3816930e-01
  9.9398214e-03
 -7.1510905e-01
  3.0086923e-02
  3.0086923e-02
  3.0086923e-02
  3.0086923e-02
  3.0086923e-02
  2.0425856e-01
  2.0425856e-01
  2.0425856e-01
  2.0425856e-01
  2.0425856e-01
  1.6406114e-01
  1.6406114e-01
  1.6406114e-01
  1.6406114e-01
  1.6406114e-01
  5.0968606e-02
  5.0968606e-02
  5.0968606e-02
  5.0968606e-02
  5.0968606e-02
  2.4792863e-02
  2.4792863e-02
  2.4792863e-02
  2.4792863e-02
  2.4792863e-02
  1.7113474e-01
  1.7113474e-01
  1.7113474e-01
  1.7113474e-01
  1.7113474e-01
  8.9403339e-02
  8.9403339e-02
  8.9403339e-02
  8.9403339e-02
  8.9403339e-02
