nep4_zbl 2 Ga In 
zbl 1.25 2.5 0.7
cutoff 6 5 68 39
n_max 4 4
basis_size 8 8
l_max 4 2 1
ANN 60 0
  3.0574566e-02
  4.1375491e-03
  6.5758526e-01
 -2.8611985e-01
  1.2041718e+00
 -1.9528478e-02
  8.1352688e-02
 -4.3724887e-03
  3.1745418e-03
 -3.2431248e-01
 -1.0095175e-01
 -8.3550356e-02
  1.1512263e-02
  7.0044016e-03
  4.4240393e-02
 -1.3011052e-02
 -2.8857226e-02
  2.6890108e-02
 -6.3149878e-03
 -1.1421710e-02
 -1.3964100e-02
 -1.4585459e-02
  3.7897456e-02
  1.2941167e-02
  3.0022359e-02
  9.8635126e-03
 -1.0879985e-02
 -3.4797846e-03
 -1.1793446e-01
 -1.3958023e-02
  5.4663732e-03
  8.9298524e-02
  2.3004156e-01
  1.3219693e-01
 -1.9138191e-03
 -1.4299483e-03
 -3.2794762e-02
 -6.5520161e-01
  6.6229963e-01
 -6.5147668e-01
  6.4252533e-02
  8.3339535e-02
 -5.2959006e-02
  5.3895608e-02
  8.4515788e-02
 -7.5326905e-02
 -3.4950573e-02
  3.7925793e-03
  9.1009565e-02
 -9.3355840e-03
 -1.4407123e-02
 -8.9659706e-02
  1.7272204e-01
 -1.2009183e-02
 -5.3358126e-02
  5.2196216e-02
 -3.3134562e-01
 -9.2065811e-02
  1.1185688e-02
  3.6333863e-02
  9.3444347e-01
 -4.4726264e-02
 -7.1647544e-03
  9.4422929e-02
 -4.1717198e-02
  5.1497675e-02
 -2.3231726e-02
 -1.7556630e-02
  1.2250059e-02
 -3.9910795e-03
 -1.1519191e-01
  4.6026465e-02
 -4.6006137e-01
  7.0848078e-01
 -1.1652720e+00
 -8.6951718e-02
 -5.9602521e-02
  1.8369863e-02
  1.7401244e-01
  1.6447186e-02
 -3.9275043e-02
  8.6299524e-02
 -3.3721127e-02
 -4.6560291e-02
 -5.9308894e-02
 -5.7066721e-03
  1.0738459e-01
 -3.4725122e-02
 -1.4541486e-03
 -4.8186984e-03
 -1.4582042e-01
  1.0131480e-01
  1.0553430e+00
 -1.1650441e-03
 -6.3030426e-03
  1.1275369e-02
  3.3459183e-02
  9.9036589e-02
 -1.1216507e-02
  4.3609142e-02
  2.1229117e-01
  8.6629167e-02
  3.3597667e-02
 -2.7724201e-02
  5.0057452e-03
  1.2624114e-02
  3.2727141e-02
  1.0567358e-02
 -9.9266082e-01
  1.1696824e+00
 -3.2532450e-02
  4.3192346e-02
 -4.0015183e-02
 -1.8818371e-02
 -1.0907168e-01
 -1.5137739e-03
 -5.6389041e-02
 -4.0714156e-02
  1.0201408e-02
 -5.7887677e-02
  6.2107905e-03
  7.3369704e-02
  1.5748186e-02
 -2.0419898e-02
  4.6360888e-02
 -3.5648495e-02
  3.9556839e-02
  1.9177029e-02
 -4.3627848e-03
 -1.0918894e-01
 -5.1290677e-03
  2.4331175e-02
  1.5265208e-01
 -5.4259866e-02
  1.6467616e-02
  5.8621750e-04
  1.0223389e-01
  6.6464469e-02
 -8.2405144e-04
 -9.0930685e-03
 -7.4748628e-02
 -1.4073329e-01
  3.9950973e-01
 -6.2395883e-01
  1.5295132e+00
 -4.4958092e-02
 -3.2803264e-02
 -4.0157698e-02
 -1.8604245e-02
 -3.3609322e-03
  1.3337137e-02
  1.3294090e-03
 -1.5511422e-01
  2.0297727e-01
 -1.0521903e-03
 -4.9193427e-02
  1.6254470e-02
  1.5700272e-03
 -4.6275087e-02
  6.3296584e-03
 -3.1322304e-02
 -2.4946159e-04
  9.9398689e-03
 -9.3063777e-03
  1.6245211e-02
 -2.4374694e-02
  2.1814559e-02
  1.5107801e-03
  2.7689986e-02
 -1.4232300e-01
 -2.7591093e-02
  5.8657866e-02
 -7.9380861e-03
  9.6586168e-02
  3.7388373e-02
 -8.2837399e-03
  1.8086767e-02
 -2.4562655e-01
  4.9062321e-01
 -1.4877851e+00
 -1.1693446e-02
  2.9051512e-02
  1.9763084e-02
 -2.0719867e+00
 -1.3863162e-02
 -5.4764248e-02
 -2.5766401e-02
 -1.0649023e-02
 -4.9878512e-02
 -6.1889179e-03
 -5.9084091e-02
 -1.2604402e-01
 -5.3559139e-02
 -1.6260657e-02
 -6.6590952e-03
 -3.6392197e-02
 -5.2654978e-02
 -6.7234665e-02
 -2.4015814e-02
 -1.5715535e-01
 -4.5046911e-02
  5.7612494e-02
  4.8808102e-03
 -2.7528105e-02
 -6.7327674e-03
  2.1390848e-02
 -4.8420399e-02
  7.7146746e-02
 -6.2424769e-03
  1.6312817e-02
  5.6996360e-02
  5.6945655e-02
 -1.4986061e-01
  7.3643339e-01
 -1.3376763e+00
 -1.4969012e-03
  7.4936204e-02
 -1.8074474e-03
 -1.6759446e-02
 -4.6042357e-02
  6.6926330e-02
  1.5991275e-01
 -5.0700523e-02
  4.4986345e-02
  2.7798777e-02
 -2.4128281e-02
  6.9094910e-03
 -7.5499369e-03
 -2.4245324e-02
 -2.2893587e-02
  1.0620311e-02
  4.9555872e-02
 -4.7398407e-02
 -1.9526016e-02
 -5.6059416e-02
 -3.6391836e-02
 -9.5312446e-03
  4.6619989e-02
  1.9568972e-02
 -1.8492971e-02
  4.4839986e-02
  1.4812333e-02
 -2.9581131e-02
 -6.2041529e-02
  2.9181588e-02
 -2.7746132e-02
  4.4915598e-02
 -7.1885794e-01
  1.4461037e+00
 -2.4359149e-01
 -5.6052892e-03
 -8.0652826e-02
  7.7993907e-02
  1.2517294e-02
 -6.2571034e-02
 -1.1428051e-01
  4.5939997e-02
  3.9303407e-02
  1.9804807e-02
  1.2539539e-01
 -6.3660048e-02
 -3.1263810e-03
  1.1044081e-02
 -4.7654931e-02
 -3.9283931e-02
 -3.8967308e-02
  3.1421270e-02
  3.1553090e-02
  7.5093947e-02
  1.0589417e-01
  5.4118011e-02
 -3.4198351e-02
  1.5412847e-02
  2.4801020e-02
  3.0357665e-03
 -5.6554228e-02
  2.7280055e-02
  2.5064085e-02
  3.1379038e-03
  1.5341489e-02
 -1.2263592e-02
  8.4720656e-02
  1.9161850e-01
 -5.8278823e-01
  5.6814897e-01
  1.7569810e-02
 -2.3459122e-03
  2.8401103e-02
 -2.9230233e-02
 -4.7514089e-03
 -1.0671192e-02
 -2.7422797e-02
  3.0958781e-02
 -4.8024472e-02
  5.6234855e-02
  3.9179504e-01
  5.4364324e-02
 -8.6550759e-03
  1.6497768e-02
  5.8985066e-02
  1.4923829e-02
  9.4960099e-03
  5.0559204e-02
 -1.3474324e-02
  9.2214383e-02
  7.4520014e-02
  1.6703995e-02
  2.6888205e-02
  4.9483586e-02
  3.8706489e-02
 -6.6670656e-02
  2.9549131e-03
  1.5246011e-02
 -1.8904295e-02
 -3.8002521e-02
 -3.0342255e-02
  4.4462860e-01
 -9.3348473e-01
  1.5778515e+00
 -5.7236713e-01
  1.9828582e-02
 -7.8601338e-02
 -8.1550352e-02
  1.8386813e-02
  2.6869971e-02
 -7.2151974e-02
  3.8245146e-03
  6.3024304e-04
 -9.3726420e-01
 -2.1202808e-02
 -8.1599936e-02
 -1.1314352e-01
  4.5718029e-03
  4.9061131e-02
 -3.5816796e-02
  3.3017837e-02
 -1.0759501e-03
 -4.7866441e-03
 -4.7723208e-02
 -2.5715580e-02
 -2.5274079e-02
  3.5670807e-03
 -5.6102335e-02
  9.0701699e-02
 -9.6952794e-03
  5.9749372e-03
  4.0588174e-02
  4.5994814e-02
  1.3396986e-03
 -1.2668230e-01
  1.5581800e-02
  4.4682813e-03
  3.4328935e-01
 -7.0929229e-01
  1.2037525e+00
  2.1400902e-02
  1.2457834e-02
  4.6029348e-02
  6.4269736e-02
  2.7354654e-02
 -4.6327773e-02
 -1.4106566e-02
 -1.6567087e-03
  2.3209859e-02
  1.0717894e-02
  1.8953595e-02
  3.8310654e-02
 -2.0610364e-02
 -2.9874539e-01
  6.5510705e-02
  3.8861793e-02
  3.9631412e-03
 -6.3808434e-02
  1.2194967e+00
 -2.9524259e-02
  2.1391368e-02
  3.6485172e-03
  1.9054799e-01
  4.1599043e-02
  2.1957632e-02
 -9.3925066e-02
  1.0709950e-03
  8.4357858e-03
 -7.7977419e-02
  1.0827290e-01
 -3.7066206e-01
 -4.6374712e-02
  1.2948529e+00
 -4.9458900e-01
  9.9059784e-01
  1.4275858e-01
 -8.4973192e-03
  9.5311366e-02
 -4.0969778e-02
 -2.0840254e-02
 -6.0972094e-04
  2.2646666e-02
  4.8622485e-02
  4.0783025e-02
  3.8496096e-02
 -5.9750061e-02
 -3.2672033e-02
 -1.4279223e-02
  6.1805073e-02
  6.8668790e-02
 -1.5806179e-03
 -1.9551076e-02
 -6.0967281e-02
 -2.9336477e-03
 -3.6291331e-02
  4.4221360e-02
 -6.9637515e-02
  1.9272149e-02
 -1.6149901e-02
  1.2392056e-01
 -9.1036543e-02
 -1.8306781e-02
  6.7550980e-02
 -3.2970410e-02
 -9.3605921e-02
  7.6050305e-01
  3.5524543e-02
  1.9291476e+00
 -9.2461956e-01
  6.2085330e-01
 -1.5618382e-01
  2.7122097e-02
  7.4921641e-03
  1.0923635e-02
  3.4640834e-02
 -7.7308132e-03
 -3.6527317e-02
 -2.5781127e-02
  4.3179686e-03
  1.3870670e-02
 -5.2309930e-02
  6.5608062e-03
  4.3143039e-03
  8.3016837e-03
  2.9397008e-01
  1.3710001e-02
  1.6919976e-02
 -2.6926383e-02
 -2.8742310e-02
 -4.4988807e-02
  2.1320556e-01
  5.2939796e-01
  2.1489060e-03
 -1.2353944e-02
 -8.0525398e-02
 -1.2166061e-01
 -4.0763970e-03
  1.8684460e-02
  1.1961385e-02
 -6.7874037e-02
  6.8593086e-03
  1.2239333e-02
 -9.4178203e-04
 -4.9798983e-01
  1.2354475e+00
  2.4820421e-02
 -8.1148826e-02
 -8.5983343e-02
  2.6089258e-02
 -7.5926725e-03
 -4.5255814e-03
 -1.3866099e-02
  2.8623614e-02
 -7.3914016e-03
 -4.1876607e-02
 -1.0817202e-01
  1.1049941e-01
  1.5409903e-02
 -7.8403316e-02
 -1.7340843e-02
 -3.1545546e-02
  9.2534907e-03
 -1.6769849e-01
 -1.6130216e-01
 -2.3429668e-02
 -4.6262380e-02
  2.7291410e-02
 -1.1640319e-02
 -3.9945748e-01
  8.1920419e-03
  3.8941946e-02
  1.0940639e+00
  5.9191324e-02
 -5.0811078e-02
  1.4476227e-02
  1.7496930e-02
  3.7641786e-02
  1.9280671e-01
  7.7121055e-01
 -1.6192572e+00
 -7.7503555e-02
  4.6751210e-03
  1.8714767e-02
  1.1409736e-02
 -2.7784951e-02
  2.8980266e-02
 -4.8395123e-02
  6.5125816e-02
 -4.3727169e-03
 -1.1140616e-01
 -5.9651490e-02
  3.3754993e-02
 -1.3139054e-01
 -2.7291285e-02
  1.7760556e-02
  8.4950700e-03
 -4.7973659e-02
  1.3946285e-02
 -4.4757977e-02
 -1.0150810e-01
 -2.6621368e-02
  3.4895543e-02
  3.2031346e-02
  9.4030602e-03
 -7.7566407e-03
  1.7668296e-02
  5.8598846e-02
  7.6131974e-03
 -2.0848019e-01
  3.9405641e-04
  1.8800383e-02
  3.5264485e-02
  3.9478841e-01
 -3.7846097e-01
  1.2187700e+00
  6.0657640e-03
 -5.1216166e-02
 -6.6311888e-02
 -4.8052527e-02
 -1.5425765e-02
  6.2336084e-02
  3.6399148e-02
  1.1751538e-01
 -1.1180011e-02
  1.7215051e-02
  4.5088124e-02
  1.0587854e-01
  2.1993937e-02
  2.3030257e-02
  4.4149747e-03
  1.3071479e-01
 -2.4194548e-02
  7.9188228e-02
  5.2205738e-02
  1.4996009e-02
  3.4040149e-02
  4.8207134e-02
  1.0472875e-01
  9.8168388e-02
  4.7390465e-02
  1.2828614e-01
  8.1829056e-03
 -1.3753824e-02
  1.0440371e-02
  6.7421761e-03
  4.1301638e-02
 -7.5191379e-02
  4.6904272e-01
 -7.4050862e-01
  1.3005472e+00
  1.6478190e-01
 -7.9753920e-03
 -3.0825330e-02
 -3.0317806e-02
  2.8572860e+00
  1.0360003e-02
  9.7152978e-02
 -3.6143448e-02
  4.1824151e-02
 -1.2253433e-01
 -1.0692915e-01
  5.1630810e-02
 -3.1729769e-02
  3.6725383e-03
  4.2193136e-03
 -1.8998511e-02
 -3.4458749e-02
  4.9218786e-04
  1.4179513e-01
 -2.6798600e-02
 -6.7796282e-02
  7.0904016e-02
 -3.3184219e-02
  6.0676847e-02
 -9.0762965e-02
  3.7017718e-02
  7.0102289e-02
 -2.3253083e-02
 -2.6076520e-02
 -8.5428886e-02
 -4.5665605e-03
 -7.6153129e-02
 -3.0535808e-01
  4.9218300e-01
 -1.3982524e+00
  2.3908832e-03
 -2.9583191e-02
  2.4463951e-03
  6.9138497e-02
  7.4612565e-02
 -1.0379134e-01
 -3.8048800e-02
 -3.3133306e-02
  7.8368641e-02
 -6.2370855e-02
 -8.3405850e-03
  4.5721088e-02
  5.5174809e-04
  2.0322700e-01
 -8.0850370e-02
 -5.6452796e-02
 -1.7365195e-02
  8.2827963e-02
 -1.8966493e-01
 -9.4833121e-02
  3.3433855e-02
  3.2131363e-02
  2.2667287e-02
 -4.5666568e-02
  1.4016352e-02
 -7.2116569e-02
 -4.1525107e-02
  1.3500783e-01
 -1.4771628e-02
 -3.0900417e-02
 -9.5264502e-02
 -4.3934036e-02
 -5.2099562e-01
  6.0982901e-01
 -1.3521158e+00
 -2.6397286e-02
  7.4036412e-02
  1.0271725e-02
  3.7716586e-02
 -6.7392349e-02
 -3.1062940e-03
 -1.9369962e-02
 -3.2208252e-03
  1.0503830e-01
  3.3996616e-02
  3.2357842e-02
  1.0502622e-02
  4.1503698e-02
 -2.2871653e-02
 -2.4543323e-03
  3.2708182e-03
 -2.5439369e-02
  3.6097165e-02
 -3.1723210e-03
  3.9160419e-02
  4.2934731e-02
 -1.9520530e-02
  4.5020569e-02
  4.6924360e-02
 -3.0380582e-02
 -3.2790110e-01
 -4.6832491e-02
 -2.4177058e-02
  4.0406242e-02
  2.3966102e-02
  1.8510984e-03
 -6.2788449e-02
  4.5507991e-01
 -7.1395022e-01
  1.3370126e+00
  2.5381256e-02
 -6.0946837e-02
 -2.7116019e-02
 -3.6647234e-02
 -3.7120373e-03
 -5.4878756e-02
 -1.6215591e-02
  2.6666389e-03
  7.5905263e-02
  2.1563716e-02
 -5.7900441e-03
  2.9786996e-04
 -8.7312944e-03
 -6.0125063e-03
  6.2549978e-01
 -8.1548445e-02
 -7.0500098e-02
  2.1101726e-02
  2.6334559e-03
 -5.9217341e-02
  1.4860712e-01
  2.5068196e-02
 -1.7819154e-01
  4.0864382e-02
  1.0214569e-01
  3.6682956e-02
  2.7599609e-02
  4.1861206e-02
  3.2219041e-02
  1.5573097e-02
  5.2569625e-03
  9.7071938e-02
 -5.9943640e-01
  1.0216410e+00
 -5.5917209e-01
  3.4747966e-02
  8.7144347e-03
  6.8981692e-02
  2.5478743e-02
 -2.6369566e-02
  9.4981298e-02
 -1.4970955e-02
 -2.6168780e-02
 -3.1269241e-02
 -3.5101958e-02
 -3.3320453e-02
 -3.5845244e-03
 -1.6072111e-02
 -4.8694488e-02
  4.0492415e-02
  3.8398460e-03
 -4.2766288e-02
 -2.2801857e-02
 -3.5104649e-03
 -8.5330814e-02
 -1.5215970e-02
  2.3187187e-02
  2.3869001e-03
  7.2432645e-02
 -1.6374591e-01
 -3.3396356e-02
  7.5295619e-03
  1.4972672e-01
  1.2377427e-01
 -3.0345898e-02
 -9.5943935e-02
  9.2298126e-01
 -2.6235316e+00
  1.4414707e-01
  2.7874062e+00
 -4.9743090e-02
 -3.0867046e-01
 -2.6000291e-01
 -2.0134091e+00
 -2.0312369e-02
  4.6557821e-02
 -1.7232609e-01
 -4.1506369e-02
 -1.3659385e-01
  4.4953534e-01
 -1.1711904e-02
 -6.9158220e-01
  6.6593319e-02
 -7.5830422e-02
  1.0378375e-01
 -1.4872892e-01
 -3.4006204e-02
 -3.2385746e-01
 -4.3061110e-01
  7.9825431e-02
  2.6959550e-02
 -8.5819820e-03
 -2.4401591e+00
 -3.8433708e-02
 -1.7074880e-01
  2.6373703e-02
  6.0927238e-02
 -6.4892590e-02
  5.6510538e-02
  1.3767377e-03
  7.0271298e-02
 -1.6200125e-01
  3.1605250e-01
 -5.0768441e-01
  1.4663591e+00
  3.7976544e-02
  3.6951840e-02
 -2.3356495e-02
  4.3080892e-02
  9.8043727e-03
  1.5083602e-02
  6.2883966e-02
  4.3497678e-02
  1.6450984e-02
  3.5342485e-01
 -5.4749873e-02
  3.8202800e-02
 -2.6757373e-03
  6.2539406e-02
  1.4197623e-02
 -4.4039089e-02
 -8.4417388e-02
  5.5941615e-02
  6.4794369e-02
  1.0624231e-02
  6.6409573e-02
 -5.0591538e-03
 -5.8252225e-03
 -9.9985646e-03
 -6.4738154e-02
 -9.4220020e-02
 -1.6373131e-02
  9.8294551e-03
 -2.3792228e-02
 -2.9403526e-02
  3.9904680e-02
  9.2326857e-02
 -2.7645525e-01
  6.4077055e-01
 -1.3469410e+00
  5.5370674e-02
  1.9366067e-02
 -1.0652841e-02
  1.9659124e-02
  3.4073189e-02
 -4.2564832e-02
  2.8604798e-02
 -5.3023002e-03
  6.2711990e-01
 -1.4445864e+00
  2.0288687e-02
 -1.0705664e-03
 -3.1061349e-02
 -3.5869263e-02
 -1.9254347e-02
 -1.1706457e-01
  5.3989876e-02
 -2.0055588e-02
  3.6668725e-02
 -8.7740226e-03
  3.0720269e-02
  2.9844431e-02
  8.4078290e-02
 -4.5172554e-02
  4.7665488e-02
  7.3529081e-03
 -4.1822411e-02
 -9.1036640e-02
 -3.7307700e-03
  3.5343129e-02
  1.1876904e-01
 -2.0576777e-02
  4.7767892e-01
 -5.3028947e-01
  1.4762737e+00
 -3.7140001e-02
  6.8392768e-03
  1.6943080e-02
 -1.1711358e-01
 -4.0830302e-01
 -3.3156149e-02
 -5.1778667e-03
 -2.6509663e-02
 -3.2814445e-03
  8.6521775e-02
 -1.4490968e-01
  3.1050113e-03
 -7.1761310e-03
  4.4892788e-02
  8.5049933e-03
  1.2148832e-01
  3.6906265e-02
  4.8532080e-02
 -7.3226285e-03
  2.2717293e-02
 -3.8242579e-02
 -6.3651718e-02
  4.2496391e-02
  3.6894176e-02
 -4.8846271e-02
 -9.9884272e-03
 -1.0500900e-02
  1.6781012e-02
  2.2658361e-02
 -9.0178616e-02
 -1.3307348e-01
  1.0179835e-02
 -1.2913914e-01
  4.5246348e-01
 -5.8524013e-01
 -2.3158288e-03
  2.1414289e-01
 -8.3280161e-02
 -2.0651128e-02
  2.2148131e-01
  7.6036513e-02
 -2.8553938e-03
 -6.6018044e-03
  1.3822864e-02
 -1.1715107e-02
 -6.4344026e-02
  7.3639229e-02
 -6.9323219e-02
  1.3085875e-02
 -1.3033570e-02
  2.0829743e-02
 -3.1962134e-02
  1.8091483e-02
 -4.0463403e-02
 -4.2468276e-02
 -1.9772038e-05
  3.6782511e-03
  1.0241370e-01
  8.5181640e-03
 -4.3070540e-02
 -3.6229584e-02
  1.1000553e-02
  1.6910393e-02
  6.9677353e-02
  8.0828359e-03
 -4.7604214e-02
 -1.8284003e-01
  9.4625479e-01
 -7.4812752e-01
  1.2319348e+00
  1.8521266e-02
  1.0509809e-02
 -5.6890719e-02
 -9.4314888e-02
 -2.3405712e-02
  2.3606019e-03
 -2.1382120e-02
 -5.9716427e-03
  9.3947254e-02
 -4.9768336e-02
  2.5279500e-02
  3.9210867e-02
 -2.1172957e-02
 -6.0199700e-02
 -3.7118178e-02
  2.6741888e-02
 -3.3829901e-02
  5.9466030e-02
  9.3727775e-02
  3.4343651e-03
  1.3919811e-02
 -2.5608834e-02
  1.5392925e-01
  9.3101310e-03
  9.3491757e-03
  9.8124474e-02
  7.0800722e-02
 -1.4836715e-01
 -1.1259261e-02
  1.6820626e-02
  1.5607626e-02
  7.0354827e-02
  7.5299507e-01
 -7.6804441e-01
  1.2102863e+00
  1.7371068e-02
 -5.4162931e-02
  1.1912716e-01
  3.0728863e-03
 -1.2694198e+00
  3.4475978e-02
 -8.6312182e-03
 -6.4295307e-03
 -1.2172672e-01
  5.1391911e-02
  1.8060438e-02
 -1.4339039e-03
 -2.5800571e-02
  4.9221134e-03
  1.5237521e-01
 -6.2846884e-02
 -4.2986702e-02
 -2.3517108e-02
 -8.3765619e-02
  2.0061351e-02
 -2.6416644e-02
  4.4436052e-02
  3.7199911e-02
  1.3627150e-02
 -6.6017270e-02
 -1.9743523e-01
 -2.0783499e-03
  2.9858883e-02
 -7.2836615e-02
  5.5769112e-02
 -2.0014308e-02
  1.7389457e-01
 -3.7096435e-01
  4.6241152e-01
 -1.2019811e+00
 -2.1049263e-02
 -9.0686074e-03
 -5.6141294e-03
 -2.4007672e-02
 -5.8018148e-02
 -4.1952137e-02
  4.3934891e-03
  9.0372227e-02
 -1.0345615e-01
  2.6770895e-02
  6.7003794e-02
 -4.0294625e-02
 -1.7609477e-02
 -2.5519945e-02
  3.1277869e-02
  7.7140003e-02
 -9.3192263e-03
 -7.2887659e-02
 -6.0230445e-02
 -6.3726683e-03
  4.1766439e-02
 -1.7440379e-02
 -6.5617219e-02
 -8.9329906e-02
  1.0679194e-02
 -2.4000792e-02
  2.3030208e-02
  3.4748022e-03
 -7.7797748e-02
  8.6646393e-02
  2.7157193e-02
 -3.0554092e+00
  6.1695707e-01
  4.2976120e-01
 -1.3244945e+00
 -9.9609457e-03
  1.0172980e-01
 -1.3831154e-02
 -1.9079677e-03
 -2.2246908e-02
  1.0952565e-02
 -3.7253767e-02
 -1.5404001e-02
  1.2872325e-01
  8.1362473e-03
  5.2539092e-02
  1.4092975e-02
  1.3264393e-02
 -4.4387143e-02
  1.4946418e-01
  4.9244255e-02
 -1.5400323e-01
  1.9309126e-02
 -3.8001578e-02
  4.0649697e-02
  3.0429137e-03
  2.3370581e-02
 -1.6580902e-02
  2.3495415e-02
  6.1622526e-02
 -1.5452620e-01
 -5.6374852e-02
  2.9896419e-02
 -3.2253735e-02
  1.0959710e-02
  4.5448683e-02
 -2.8737299e-02
  6.2831050e-01
 -7.8041869e-01
  5.4889375e-01
  1.0619837e-02
  5.6485951e-02
  5.9097350e-02
 -5.3202230e-02
  3.6466229e-03
  1.3940515e-02
 -7.2172988e-05
 -1.1404891e-02
 -1.2768014e-02
 -6.7477040e-02
 -3.1093946e-02
  1.6189296e-02
  2.5064023e-03
  1.3115068e-02
 -1.1160358e-02
  2.1583110e-02
  3.4193445e-02
  2.6827294e-02
 -7.6536976e-02
 -1.4314407e-02
  9.4109559e-03
 -4.7542963e-02
 -9.3392739e-03
  8.2103379e-02
  1.4701012e-02
  4.2545658e-02
  5.5438501e-04
 -1.0076091e-01
 -9.9714203e-03
 -4.9030636e-02
  2.2669137e-02
  7.2686352e-02
 -7.6107770e-01
  3.2002598e-01
 -1.5519512e+00
  1.6940869e-02
 -2.1151146e-01
 -4.9426347e-02
 -2.9803582e-02
  3.3639397e-03
 -5.2293934e-02
 -9.5893256e-02
 -4.6644345e-02
  1.2206988e-03
 -2.6513943e-02
  3.6541510e-02
  4.9944660e-03
  1.4421855e-02
 -4.6648588e-02
  5.1596712e-02
 -3.0998070e-02
  7.2045408e-02
 -6.0429968e-02
 -1.6744776e-02
 -8.4791370e-02
  8.9752655e-03
 -2.4102231e-02
 -2.8852466e-03
 -2.0219872e-02
  1.5273535e-02
 -9.6899113e-03
 -3.6307860e-02
 -1.8329546e-02
 -2.9435741e-02
  1.2901582e-01
 -2.7782612e-02
  5.7689268e-02
 -6.0356712e-01
  5.9318668e-01
 -1.0095296e+00
  3.0549131e-02
  3.9095797e-02
 -1.2377255e-01
 -3.9978925e-02
  7.6057613e-02
 -8.8851042e-02
  7.4598931e-02
 -1.2459657e-02
 -8.0547482e-02
  6.0988404e-02
 -6.8454850e-01
 -3.1379480e-02
  5.4538839e-02
 -1.0014717e-01
  3.7267584e-02
  3.9911062e-02
 -7.5811721e-02
  5.4001201e-02
 -1.5692075e-03
  4.2177893e-02
 -1.7863899e-02
  3.7655197e-02
 -9.1916678e-04
  1.2017607e-02
  3.4384873e-02
 -4.1245703e-02
 -2.6100285e-02
  1.0591029e-02
  8.3837956e-03
 -1.8906243e-02
 -5.3274570e+00
  4.2536145e-01
  6.4361548e-01
 -3.4745800e+00
 -2.0794456e+00
  5.6307226e-01
  2.3027907e-01
 -2.3487814e-01
 -3.6270037e-02
  4.2625916e-01
  1.8804181e-01
 -1.6082644e-02
  4.2378342e-01
 -9.1150826e-01
 -8.1118785e-02
 -4.6699682e-01
 -1.1486667e+00
 -3.7226684e-02
  8.1876233e-02
 -8.2571968e-02
 -1.5354148e-02
  8.3584040e-02
 -2.6406139e-01
 -2.7818519e-01
  6.8370605e-01
  1.2985760e-01
 -7.3796779e-02
 -1.8122312e-01
 -1.6065221e-02
  1.2378551e-01
 -1.2537903e-02
 -2.5964333e-02
 -4.9695379e-01
  4.6943274e-01
  2.8138887e-02
  1.6192604e-02
  1.0557240e-01
 -4.2718062e-01
  6.1919767e-01
 -1.3510177e+00
 -3.7599907e-03
  3.4706127e-02
 -4.7530815e-02
 -6.3921005e-02
 -1.8376054e-02
 -5.3227164e-02
 -1.4880869e-02
 -3.5069266e-03
  3.5559852e-02
 -1.6580628e-02
  2.3972280e-03
 -1.0711690e-01
  2.0567955e-02
  2.2159355e-02
  2.7008042e-02
 -3.8299162e-02
 -7.9326808e-02
  1.4952145e-02
  6.9997504e-02
 -4.7399204e-02
  9.0872217e-03
 -3.3842385e-02
 -2.7713183e-02
 -3.3044897e-02
  2.0059738e-02
 -4.5257654e-02
  4.6509475e-02
 -9.1638878e-02
 -1.2891181e-03
  1.3118715e-02
  4.2180579e-02
 -1.3701545e-01
  2.6242447e-01
 -6.0571522e-01
  1.5172015e+00
 -7.4841134e-02
 -7.6244432e-03
 -4.2031254e-03
  3.9127033e-02
 -4.0614929e-02
  7.1288176e-02
  3.2296225e-02
 -6.1633404e-02
  6.1225660e-02
  2.5426982e-02
 -2.6187083e-02
 -8.1754349e-02
 -9.2260964e-02
  1.3267117e-02
 -6.7055807e-02
  9.1905296e-03
  6.3120566e-02
 -1.0641480e-02
  2.1893157e-02
 -6.8846501e-02
  4.4593182e-03
 -1.5327571e-03
 -2.4873994e-03
 -7.0842348e-02
  1.8131040e-02
 -1.9866465e-02
 -2.4291258e-02
 -4.7401216e-02
  1.4039235e-02
 -8.9408355e-03
  1.6316628e-01
 -6.5489584e-03
  3.5253906e-01
 -6.8717271e-01
  1.1409979e+00
  2.8900135e-01
  6.7837043e-03
  2.2733565e-02
  3.8273454e-02
 -4.4710763e-02
 -1.3341364e-02
  5.5571198e-01
 -5.7496581e-02
  7.5017652e-03
  2.0217876e-01
 -1.6165785e-01
  2.6963141e-02
  8.0540389e-02
 -2.5334829e-02
 -2.8633328e-02
  8.3940022e-02
 -1.1410912e-02
 -2.7151752e-02
 -5.8638789e-02
  2.3091191e-02
  1.6077131e-02
 -1.3025997e-02
 -1.3010057e-02
 -1.0175722e-02
  5.1372789e-02
 -1.4555016e-01
 -3.0075451e-02
 -9.5488079e-02
  9.8555133e-02
  1.5242245e-02
  3.7376694e-02
 -7.4587972e-03
 -7.1811453e-02
  3.6988544e-01
 -2.2936053e+00
 -1.9285253e-03
 -4.4893395e-02
  5.2078526e-02
  1.4047555e-02
 -8.3259672e-02
  2.9362926e-02
 -1.8474154e-02
  1.2525117e-02
 -4.4889357e-02
  7.6849246e-03
 -7.4792663e-03
  6.0868569e-02
  7.2614686e-03
 -1.6326334e-02
 -1.9816291e-03
  5.8950927e-02
 -1.4562598e-02
 -5.6383509e-02
  1.6654836e-02
  8.9193163e-03
  5.6207258e-02
  9.5130183e-02
 -4.1652035e-02
  5.4556318e-02
  9.4665885e-02
  1.9042272e-02
  1.0263531e-03
  1.2569424e-02
  3.0101269e-02
 -2.5995256e-02
 -1.6227739e-02
  4.2668176e-01
 -2.4802518e+00
  1.3334543e+00
  1.8485753e-01
  3.5145532e-02
 -3.7916381e-02
 -1.0728131e-01
 -2.4809106e-03
  1.2017743e-02
 -3.3422347e-02
 -3.9352715e-02
 -3.5207987e-02
  1.6381601e-02
  3.8898811e-02
 -9.0942675e-01
 -3.5461595e-03
  1.6209233e-01
 -2.2139829e-02
  6.7682564e-02
 -5.8787566e-02
  8.0123730e-02
  1.2013982e-01
 -7.1813114e-02
  3.5320222e-02
  3.4923940e-03
  2.2086268e-02
 -8.7402090e-03
  4.5956187e-02
  4.4235677e-02
 -2.7760489e-02
 -3.9395381e-02
 -1.4315409e-02
 -5.1474616e-02
  1.2208203e-02
 -3.3512313e-03
 -1.1970153e-01
  4.1927090e-01
 -1.0886635e-01
  1.4641596e+00
 -5.9008584e-03
  3.1398002e-02
 -5.5656407e-02
 -7.5983658e-02
  2.0712417e-02
  3.9559152e-02
 -2.0318396e-02
 -1.3316989e-01
  1.6846903e-02
 -7.4526658e-03
  5.4818433e-02
  2.0168615e-03
  3.0909475e-02
  2.2565562e-03
 -5.4159582e-02
 -1.0262278e-02
  4.3152861e-02
 -4.9053334e-02
 -1.4550445e-02
  9.4507590e-02
 -8.3806947e-02
  4.5776740e-02
  5.4246401e-03
  4.0095173e-02
  2.4954256e-02
  4.0755708e-02
  1.7692780e-02
 -3.1919626e-03
  5.8582526e-02
  4.3381099e-03
 -1.4993005e-02
 -7.8820037e-03
  4.4709259e-01
 -3.8758639e-01
  1.3057060e+00
  1.4003446e-02
  4.9321624e-03
  8.2208244e-03
 -1.2535712e-01
 -6.5364905e-02
 -1.1946712e-01
 -3.7019826e-02
 -4.5894315e-03
  2.4316395e-02
 -9.7731622e-03
 -9.3706185e-03
 -2.3116248e-02
 -4.9572502e-04
 -2.7676322e-02
 -2.2900017e-02
  1.2275659e-01
 -7.4586809e-02
 -5.6990068e-02
 -1.4275313e-02
  8.4239943e-04
 -1.3657130e-02
  9.4187267e-02
  1.7676720e-02
 -2.1598858e-03
  2.4547489e-02
  1.0015035e-01
 -5.3435862e-02
 -2.4674034e-02
 -5.1187996e-02
 -7.5249821e-02
  2.6967390e-02
  8.5494574e-03
 -5.2701885e-01
  7.4916476e-01
 -1.3891165e+00
 -7.3229164e-02
  5.3877164e-02
 -2.6783336e-02
  1.8763466e-01
  5.4408971e-02
  1.3748691e-02
  2.1923032e-02
 -2.3154542e-02
 -8.9060381e-02
 -6.7475639e-02
  2.1275980e-02
  3.6189207e-03
  6.8235137e-02
 -1.4903417e-02
  3.0929719e-03
  3.5609466e-03
  1.5073817e-02
 -1.0173614e-01
  9.8192124e-03
 -4.8033234e-02
 -6.1216578e-02
  4.0233806e-02
 -1.2278206e-01
  6.3997999e-02
 -1.1265285e-02
 -8.0674551e-03
  4.1095931e-02
  7.6957218e-02
  5.0935805e-02
 -8.5124791e-02
  2.5361296e-02
  1.7682153e-01
 -5.4180586e-01
  4.8803508e-01
 -1.4670509e+00
 -1.9639099e-02
  7.8402787e-02
  1.2430857e-02
  4.2691194e-02
 -5.4414157e-02
  7.8532197e-02
 -7.5994749e-03
 -6.5188408e-02
  3.3200353e-02
  5.0123442e-02
  3.4240570e-02
 -7.1334533e-02
  7.5067962e-03
 -3.8216192e-02
 -1.4550365e-02
 -5.1673811e-02
  5.4940578e-02
  7.0720105e-03
 -3.5350844e-02
 -1.2069840e-02
  2.9483696e-02
  1.4749830e-02
 -5.6571197e-03
  4.4969194e-02
 -5.0460477e-03
 -8.3821779e-03
 -9.0257883e-02
  5.3831819e-02
  3.7545633e-02
  1.7075155e-02
 -5.5492923e-02
  9.8935664e-02
  2.8279471e-01
 -7.0854568e-01
  1.4994599e+00
 -6.4639901e-03
  2.1180391e-02
 -3.8278088e-02
  1.9501781e-02
  1.7972872e-01
  2.3407115e-02
 -1.9257747e-01
 -2.9507704e-02
  3.8727812e-02
 -7.4815871e-03
  2.5240308e-02
  7.3717609e-02
  1.0904998e-01
  4.0046323e-02
  4.4997968e-02
  1.1360366e-02
 -3.9311688e-02
 -5.0737116e-02
  8.1966054e-03
 -4.3836184e-02
 -4.8906345e-02
 -3.8805712e-02
 -2.5884066e-02
  3.4653787e-02
  7.2477348e-03
  2.9852988e-02
  2.7749522e-02
 -2.2494325e-02
 -4.8515326e-03
  4.0061843e-02
 -3.2910399e-02
 -3.4411255e-02
 -2.2496882e-01
  2.2812890e-01
 -6.4897329e-01
  8.4198719e-01
  1.6991954e-01
 -1.1647468e-01
 -5.2529827e-02
  7.1293116e-02
 -3.2224301e-02
  4.5168016e-02
 -4.6088148e-02
  3.4311619e-02
 -3.3852849e-02
 -1.6823476e-02
 -4.2695079e-02
 -2.4095558e-02
 -2.9586313e-02
 -6.2379688e-02
 -4.1318934e-02
 -1.6315973e-01
 -4.1837588e-02
 -4.5456495e-02
 -2.5328219e-02
  1.4508029e-03
 -1.8222276e-02
  1.4555296e-02
 -2.8645417e-02
 -4.3657504e-02
  4.6124134e-02
  5.0685745e-02
 -3.4188259e-02
  4.8629131e-02
 -3.2212149e-04
 -4.9230093e-03
 -2.8334159e-02
  6.2427777e-01
 -7.6586896e-01
  1.5258142e+00
 -2.0818350e-01
 -3.0799901e-02
  2.5995186e-02
  1.1118912e-01
 -5.0110634e-02
 -8.6869737e-03
  8.8004693e-02
  1.5922366e-02
 -3.1527132e-02
  4.4120387e-03
  6.1988425e-02
  2.1770183e-02
 -2.3137484e-02
 -1.5565540e-02
  6.7816973e-02
 -4.3222703e-02
 -8.0236942e-02
  5.8371097e-02
 -1.1626168e-01
 -5.7619691e-02
  4.7496423e-02
 -1.1904333e-01
 -6.5142967e-02
 -6.6996174e-04
 -1.9975834e-02
 -5.6294771e-03
 -1.4842002e-02
  2.5915995e-02
 -8.0255404e-02
  1.2006999e-02
  4.7240164e-03
  1.2577076e-01
 -4.6721849e-01
  4.3232280e-01
 -1.0416349e+00
 -4.9117161e-03
  7.9613306e-02
  9.6258804e-02
 -4.7976179e-03
  4.6586633e-02
 -8.5022775e-03
  6.9729216e-02
 -2.9034277e-02
 -1.9544691e-02
 -7.6562889e-02
 -6.7559332e-02
 -3.8258497e-02
 -8.4471919e-02
 -1.2018429e-01
 -5.2513082e-02
 -2.5371552e-02
 -2.9341495e-02
  8.7612100e-02
  2.4943346e-02
  6.1114695e-02
  3.1985026e-02
 -1.6378289e-01
  6.4353801e-02
  2.6891770e-02
 -5.3484399e-02
  8.4546313e-02
  7.5239888e-03
 -1.4481590e-03
  3.8656045e-03
  5.3214119e-04
  6.4286098e-02
  7.8701392e-02
 -5.9698921e-01
  6.2205988e-01
 -1.4519763e+00
 -6.7646854e-02
 -3.1653531e-02
  4.2861365e-02
 -2.9700850e-03
 -5.7073463e-02
 -2.2013806e-02
 -4.0912066e-02
  2.3821834e-02
 -1.5024771e-02
  1.0730547e-02
  7.3213436e-02
 -1.7338594e+00
  4.7181092e-02
 -3.3751585e-02
 -9.9404246e-02
  2.0350115e-02
  8.1241943e-02
  1.6056767e-02
  2.5508342e-02
 -3.6003556e-02
 -1.6806854e-01
  9.4974101e-01
  8.9742793e-03
 -1.1292147e-02
  1.0931264e+00
  6.0552661e-03
  8.7098345e-02
  2.2851426e-02
  1.0094657e-01
 -1.6499387e-01
 -1.7482947e-01
  2.7497816e-01
 -2.8021726e-01
  4.4513634e-01
 -1.2503719e+00
 -7.3925070e-02
  5.1057979e-02
  4.4122390e-03
 -1.0444270e-01
 -6.2105659e-02
  2.6262501e-02
  6.8858586e-02
 -2.3646561e-02
  1.3108345e-02
  5.6163907e-02
 -9.2676766e-03
  2.4382256e-02
  8.3840466e-01
 -1.2363290e-02
 -4.3915749e-02
 -1.1909460e-02
  4.5273781e-02
 -1.1130204e-01
  3.6966812e-02
  6.4541727e-02
 -2.3430722e-02
  1.0659802e-02
 -6.2983066e-02
  1.0744233e-01
 -6.7768894e-02
  6.1179819e-03
 -6.1771698e-02
 -6.3030437e-02
 -5.5491317e-02
 -3.1484723e-02
 -5.7826540e-03
 -1.3490771e-02
 -3.7996829e-01
  1.2656039e-01
 -1.8532302e+00
  2.1806473e-03
 -1.0136878e-02
  6.5556662e-03
  3.2334246e-02
 -3.9702253e-03
  3.8673263e-02
  7.5797722e-02
 -4.1766590e-01
  5.3444650e-02
  1.6186627e-03
  8.6547509e-03
 -9.7597457e-02
  6.4545050e-03
  5.8915164e-02
  5.2051622e-02
 -1.0976325e-02
  1.9902101e-02
  6.4175487e-02
 -9.6679972e-03
 -3.3133354e-02
  1.8587243e-02
 -1.6244376e-03
  1.3753063e-02
  4.9095936e-02
 -1.5065800e-01
 -1.5594103e-02
  4.4227831e-02
 -4.6194203e-02
  1.3410066e-02
 -3.8327198e-03
 -7.5842994e-01
 -8.7757552e-01
 -1.0516273e+00
 -2.3233907e+00
 -8.8157964e-01
  1.5535682e-01
 -5.2574599e-01
  1.6087779e+00
 -9.7590917e-01
  4.6095189e-01
 -3.2030949e-01
 -6.8166745e-01
  2.6661584e-01
 -1.9090155e-01
 -1.2122593e+00
  2.4423127e+00
  8.5074730e-02
  3.4592992e-01
 -7.9384722e-02
  2.6300762e+00
  3.3623698e-01
  6.8148607e-01
 -2.5904740e-04
 -3.4084052e-01
  1.4960258e-03
  4.8946133e-03
 -4.6546716e-02
 -2.3302789e-01
  3.4440510e-02
  5.8544897e-02
 -2.0425993e-01
  1.6369291e-02
  4.2991158e-02
 -7.4169454e-03
  2.8318049e-02
 -3.6215270e+00
 -3.1107200e-02
  9.2166014e-02
 -2.6709321e-01
  2.5630994e+00
  5.3690743e-02
 -5.9810528e-03
  1.2579561e-02
  1.3310103e-02
  8.0227651e-02
  1.5017945e-02
  5.9651013e-02
  2.9028647e-02
 -5.8352489e-02
  1.0217004e-01
  2.7483515e-02
 -4.8642252e-02
 -4.5049541e-02
  5.0472389e-03
 -4.9368333e-02
 -1.8306779e-02
  3.1743175e-03
 -1.7879732e-02
  6.5809056e-02
  7.6200982e-04
  2.1497866e-02
 -1.5881637e-02
  3.0807089e-02
  2.5974633e-02
 -4.7871009e-02
 -4.0809281e-02
  1.3608191e-02
 -4.6333537e-02
  5.3653888e-02
 -1.9830462e-02
  5.4492700e-01
 -2.9091779e-02
  6.9222368e-02
 -1.8220352e+00
 -1.3325939e+00
 -1.2349029e+00
 -1.1475202e+00
  8.2745087e-01
 -1.7381808e+00
  6.1196502e-02
 -1.2493116e+00
 -5.3700811e-01
 -8.1972554e-03
  3.4699205e-01
 -6.3633955e-01
  1.1538905e+00
 -8.0671310e-01
 -3.1804934e-01
 -3.4235111e-01
  1.5314490e+00
  8.6788487e-01
 -9.1638172e-01
 -1.1042057e-01
 -1.2586739e+00
  1.5317363e-01
  1.7386177e-01
 -4.8434146e-02
  3.1736723e-01
 -4.4054487e-01
 -1.1523366e-01
  1.3997579e-01
  1.8323246e-02
 -4.1865891e-01
  9.9304271e-01
  3.8226973e-02
  1.3080426e-01
 -5.5985119e-02
  2.7950245e-01
 -5.2799892e-01
  1.2123109e+00
  3.6682195e-03
  4.2669132e-02
  1.7028835e-02
  4.7295548e-02
  1.0841307e-01
 -4.8433775e-03
 -2.4362031e-02
  3.2040033e-02
 -8.8690259e-02
  5.8619663e-02
  4.1382047e-03
  2.5621068e-02
 -4.0410686e-02
  4.3334109e-03
  8.6717168e-03
  1.0390600e-02
 -3.1943411e-02
 -2.2208381e-02
 -1.7587210e-01
 -1.6626278e-02
 -8.9860223e-02
  7.6909631e-02
 -2.5373627e-02
  1.6741069e-02
 -2.0900737e-03
 -2.5876572e-02
 -2.4117023e-02
 -4.5503266e-02
 -1.9925015e-02
  1.8743029e-02
 -3.1762388e-02
  4.5466530e-03
  3.5180861e-01
 -5.9245270e-01
  1.3718815e+00
  2.8431738e-02
  1.3572650e-01
  4.8389096e-02
  1.2530399e-02
  1.0753174e-01
 -6.3872509e-02
 -6.3422255e-02
  3.8489599e-02
  4.3650374e-02
 -3.0402936e-02
  1.0946880e-01
  3.7616961e-02
  6.2766634e-03
  4.2325411e-02
 -4.2876754e-02
  4.2608101e-02
  6.7979738e-02
 -4.1319553e-02
  8.7415064e-03
  7.0691137e-03
 -4.2530559e-03
  2.8451892e-02
 -2.5491020e-02
 -9.2981018e-02
 -1.0785798e-02
 -9.3000726e-04
  9.5042223e-03
 -4.5385368e-02
 -8.4419973e-02
 -1.8556833e-01
 -1.0416371e-02
  1.4588460e-01
 -2.8043485e-01
  8.0579698e-01
 -1.2841518e+00
  7.1490675e-01
  5.5350445e-02
 -7.3890495e-03
 -3.8893986e-02
 -3.0202745e-02
  8.9632776e-03
  8.0009036e-02
  2.3232965e-02
  7.2201067e-03
  1.5256054e-02
 -6.5895036e-02
  5.3363945e-02
  6.4805321e-02
 -9.6620526e-03
 -4.3900190e-03
 -1.7519932e-02
  6.9377847e-02
 -3.2541710e-03
 -1.0220884e-02
  3.5197681e-03
 -4.4462934e-02
  8.8381451e-03
 -2.6894683e-02
 -4.6573721e-02
 -9.6229687e-02
  1.5612054e-02
  1.2966101e-02
  1.6039357e-02
  1.1437317e-02
  3.5799264e-03
  1.0536925e-02
  5.8643930e-02
 -2.8124341e-01
  3.1133452e-01
 -1.6047943e+00
 -2.1748099e+00
 -2.8083412e-02
  3.2077793e-02
  4.1054703e-02
  4.0893227e-02
  5.2096706e-02
  3.6617653e-03
  3.2625683e-02
 -1.5323422e-02
  6.1078586e-02
 -9.3949951e-02
 -5.6368247e-02
 -6.6388920e-02
 -3.4814037e-03
 -7.5808167e-02
  3.1430855e-02
  1.1813794e-02
  8.8358156e-02
  2.6315095e-02
 -4.1088060e-02
  5.8154374e-02
  4.5799345e-02
 -6.7104297e-03
 -4.1077036e-02
 -1.4271477e-02
 -1.4332482e-02
 -2.2243088e-02
  2.0601867e-02
  9.4565526e-03
  2.2880983e-02
 -3.5684969e-02
 -5.7532438e-03
 -3.4116653e-01
  4.2174789e-01
 -1.5851130e+00
 -6.0644008e-02
 -3.6758900e-02
 -6.7805380e-02
  3.1277291e-02
  7.7429570e-02
 -1.2513027e-01
  1.2304774e-02
 -1.4750624e-02
  7.4147180e-02
 -2.6939211e-02
  4.7076534e-02
 -1.6072604e-01
  3.3297949e-03
 -4.8940368e-03
 -7.9082567e-03
 -2.2001177e-02
  1.5779264e-02
  2.7806371e-02
 -1.3803301e-02
 -6.6775240e-02
  6.5087095e-02
 -2.8437180e-02
  4.1930269e-02
  5.9174392e-03
  1.9942034e-02
 -3.1501133e-02
 -6.9656871e-02
  1.2502557e-01
  2.6683280e-02
  5.2220963e-02
 -1.1017236e-01
  1.5286745e-01
 -5.5907488e-01
  8.1861073e-01
 -1.3072329e+00
 -1.3470857e-02
  1.0882978e+00
 -4.0805321e-03
  1.1286736e-01
 -3.0911386e-02
  3.0906856e-02
 -9.2982724e-02
 -1.1028052e-01
 -1.1113259e-01
 -1.4928008e-02
  2.9042695e-02
  1.9421021e-03
 -8.5468887e-04
 -9.5325634e-02
  3.0394929e-02
 -1.6456928e-02
 -4.1451715e-02
 -5.8177239e-03
 -2.8856022e-02
  1.4533279e-02
 -8.0009177e-02
  1.7227354e-02
 -1.1729633e-01
 -3.9065819e-02
 -2.6367743e-02
 -6.9428168e-02
 -1.2656349e-02
 -6.0250603e-02
  8.6904906e-02
 -9.1047302e-02
  1.5302452e-01
 -6.1044681e-01
  1.3913524e+00
 -1.6018338e+00
 -1.2748095e+00
 -1.1953124e-02
 -2.1583000e-02
 -4.3975107e-02
  2.2864324e-04
 -1.8844435e-02
  2.3171222e-02
 -7.0403405e-03
  1.2451648e-01
  3.0119931e-02
  1.7295582e-02
 -3.0454600e-02
 -6.9275506e-02
  2.4198728e-02
 -1.0739012e-02
  1.8914023e-02
  7.0134230e-02
 -7.3721506e-02
  4.0176835e-02
 -7.7202633e-02
  2.3029526e-03
  3.5952579e-02
  2.2333698e-02
  9.5467947e-02
  6.7102477e-02
  4.0110131e-03
 -8.3638653e-03
 -3.6705665e-02
  8.5596144e-02
 -1.9241765e-03
  2.5712840e-02
 -1.0153050e+00
  1.1542178e+00
  1.3064774e+00
 -9.2679304e-01
 -9.9577326e-01
  1.0123136e+00
  7.1480918e-01
  4.4116700e-01
 -2.0889306e+00
  1.5257481e-02
 -7.9211360e-01
 -1.0950090e+00
 -1.9331682e-02
 -1.4834013e+00
  1.0275447e+00
 -7.5224191e-01
 -1.0069160e+00
  8.3518213e-01
  8.1134641e-01
 -9.4657505e-01
  7.9503232e-01
  1.4556115e+00
 -9.2600411e-01
  1.1163557e+00
 -1.1231767e+00
  2.5958190e+00
 -7.1745443e-01
 -1.0061473e+00
  1.2455405e+00
 -4.3891058e+00
 -1.6302899e+00
  6.4442199e-01
  9.7648376e-01
 -2.4846961e+00
  1.2929879e+00
 -9.5251554e-01
 -1.0782413e+00
  5.9502625e-01
  4.4781871e-02
 -1.1483362e+00
 -8.7000853e-01
  9.2599154e-01
  9.1928381e-01
 -8.5877657e-01
  3.0946250e+00
 -5.1457608e-01
  1.3069818e+00
  9.9961168e-01
  1.2576379e+00
  2.6655692e-01
  8.3075964e-01
 -4.4473690e-01
  2.0252812e-01
 -1.1299790e+00
 -7.8926176e-01
  8.7435937e-01
  9.1812712e-01
  1.0382093e+00
  8.4033608e-01
 -1.9475803e+00
 -2.1359942e+00
  8.2368034e-01
  5.2045031e+00
 -1.1434230e+00
 -3.0140402e+00
  2.8611231e+00
  1.1735228e+00
  2.5240272e-01
 -2.2785070e+00
  8.6629432e-01
 -1.4674604e+00
 -3.0103509e+00
 -9.0750128e-01
 -2.9890795e+00
  2.5422041e+00
 -7.1266639e-01
 -2.3242114e+00
  1.3477769e+00
  2.2460821e+00
 -3.5301940e+00
  7.2008836e-01
 -2.3688115e-01
 -2.8890827e+00
  3.2604516e+00
 -4.2237563e+00
  2.2457416e+00
 -3.5633326e+00
 -3.3621154e+00
  2.2815852e+00
 -2.1456833e+00
 -2.9362245e+00
  3.5911183e+00
  1.6938854e+00
 -1.7049438e+00
  5.8147769e+00
 -2.8669248e+00
 -2.3385496e+00
  3.6794372e+00
  1.8403929e+00
 -2.2143419e+00
 -9.8098969e-01
  4.1698804e+00
  3.1788533e+00
 -1.5243553e+00
  4.4579735e+00
 -2.6330233e+00
  2.1689017e+00
  4.0292487e+00
  2.9998734e+00
  9.3821293e-01
  2.4449757e-01
 -1.0662918e+00
 -6.2293833e-01
 -1.5434295e+00
 -1.8500726e+00
  1.5869094e+00
  2.2971537e+00
  2.6074054e+00
  2.4992440e+00
 -1.0682647e+00
  7.1016294e-01
 -1.6027548e+00
 -6.8625349e-01
 -2.3135744e-02
  5.7437766e-01
 -2.3221783e-01
 -7.7789472e-03
  7.6833531e-02
  1.6018156e-03
 -2.3656394e-03
  4.3764737e-02
  4.8121858e-02
  1.2703805e-02
  4.0599468e-01
  3.8284414e-02
 -1.0589676e-02
 -3.9701987e-02
  2.3851046e-02
  5.8805513e-01
 -1.3147183e-01
  5.5813354e-02
  1.3982048e+00
 -1.3073456e-02
  4.2959696e-01
 -7.8815259e-02
  5.8281269e-02
  2.4845472e-02
 -2.6599935e-03
 -9.2387214e-02
 -2.0750832e-02
  3.9318610e-02
  1.6127071e-01
  3.1885933e-02
 -5.4332339e-03
 -1.8080673e-01
  1.5525147e+00
  5.7169110e-01
  1.3647099e+00
  1.0665766e-01
 -9.6713555e-01
  6.7429304e-02
  5.8577590e-02
  7.5761087e-02
 -7.7717766e-02
  8.7712988e-02
 -1.0223123e-01
  1.9810805e-02
 -6.0867362e-02
  1.1624751e-01
 -4.1479301e-02
  5.4964847e-03
 -1.5257367e-01
 -2.8615051e-03
  1.1215064e-01
  1.1729925e-01
  9.8377548e-02
 -8.4999405e-02
  8.2249798e-02
 -7.3758237e-02
  2.4305526e-02
 -1.3564010e-05
  6.0725030e-02
  6.1076049e-02
  2.3684056e-02
 -1.6270811e-03
 -1.1313868e-02
  1.1454864e-02
  9.1596134e-02
  1.1593740e-01
  5.9993971e-02
  4.6177673e-01
 -3.5705557e-01
 -8.5668993e-01
 -8.6856879e-02
  8.2219845e-01
  1.2325986e-03
 -4.0077686e-02
 -3.5671074e-02
  5.5273939e-02
  2.1096244e-02
 -1.6309937e-02
 -1.2425645e-01
  2.8925935e-02
  6.9842050e-03
 -1.2513933e-01
 -8.2366001e-03
 -1.3509415e-01
  5.2838363e-02
  6.8996489e-02
 -1.3227612e-01
  8.9206249e-03
 -3.0056907e-02
  1.4449945e-01
 -1.4832348e-01
  6.7141190e-02
 -1.8069834e-02
 -4.1902665e-02
  2.4668995e-02
  5.6273732e-02
 -1.6364804e-02
 -1.3658720e-01
 -4.6018228e-02
 -4.7630824e-02
 -2.5586480e-02
  6.1521251e-02
 -5.6975573e-01
  3.8957736e-01
  8.9871299e-01
 -1.8845111e-01
 -1.1223727e+00
 -7.9029411e-02
 -9.7812429e-02
 -2.9869469e-02
  2.0456662e-02
 -1.2814289e-02
  1.8729638e-02
  4.5175063e-03
 -9.8664336e-02
  8.6972509e-03
  7.2125867e-02
  6.4964466e-02
  1.2562461e-01
 -1.3028628e-02
 -3.8629677e-04
  9.9374754e-03
  1.6319163e-01
 -4.6027172e-03
  7.8215383e-02
  6.7499138e-02
 -5.0792977e-02
  4.3638945e-02
  6.0240433e-02
  3.9388351e-02
 -5.0839830e-02
  9.8354751e-03
 -1.4601505e+00
  9.4414502e-02
  1.3459918e-02
 -5.0124247e-03
 -1.1970301e-02
  1.1547585e+00
 -3.7785870e-01
 -1.4627649e+00
 -1.7905955e-03
 -8.7449543e-02
 -9.2763770e-03
 -1.0219105e-01
  9.2352740e-03
  1.2119515e-01
 -1.6331438e-02
  1.4884731e-01
 -9.5238604e-02
  9.1916129e-02
  4.4577181e-02
  1.1976535e-02
 -5.1036589e-02
 -3.8556788e-02
 -9.0654813e-02
  1.6168639e-02
  5.2950606e-03
 -5.4909877e-02
 -9.1169262e-03
  4.8728298e-02
  1.1393909e-01
  3.5430200e-04
 -3.5544831e-02
 -1.5691195e-01
  1.6432780e-01
  8.8724926e-02
 -8.1446029e-02
 -4.6514370e-03
 -8.8106163e-02
  1.0312211e-02
  4.0913172e-02
  1.3393637e-02
 -6.6559315e-01
  8.1051993e-01
  8.0868149e-01
 -3.3226602e-02
 -6.9835979e-01
  1.4729522e-03
 -5.3088866e-02
 -3.2682247e-02
  1.1923169e-02
  2.7533887e-02
 -4.0358430e-01
 -4.4237774e-02
 -6.9062941e-02
  1.0695682e-02
  4.1403186e-02
  7.5958692e-02
  2.0158740e-02
 -5.7649408e-02
 -1.4967910e-02
  1.3659632e-01
 -2.6391359e-02
 -1.7320445e-02
 -6.8913293e-03
 -9.7486474e-02
 -4.2399272e-02
 -3.7135649e-02
  1.3734947e+00
  1.3589498e-04
 -1.3232338e-01
 -1.4662767e-02
  2.1790128e-02
  8.1373066e-02
  5.0096899e-02
  1.0987466e-01
  7.8917973e-02
  5.3367722e-01
  5.4673146e-02
 -8.6212236e-01
  3.7478746e-03
  1.2864859e+00
  4.6697012e-03
 -5.2421581e-02
 -6.0951579e-02
 -9.7383000e-03
  2.8927360e-02
 -6.3476586e-03
  3.3567052e-02
 -6.4416304e-02
 -2.4212033e-02
  5.2550744e-02
  8.0367178e-02
 -1.2890746e-02
 -2.2402965e-02
 -1.1448258e-04
  3.1563204e-02
  5.8544494e-02
 -6.0135271e-02
  1.4012163e-02
  4.4766624e-02
 -3.9148662e-02
 -1.6487239e-01
 -1.1385491e-01
  1.8179748e-02
  1.3795980e-02
 -7.7474482e-02
 -3.7039932e-02
  1.6976908e-02
  3.1672440e-02
  1.2081223e-02
 -1.3081115e-02
 -4.7448435e-01
  3.0476773e-01
  1.6080706e+00
 -1.1315794e-02
 -6.5227336e-01
 -1.1460698e-01
 -8.0280297e-02
  6.9306307e-02
 -1.4737434e-03
  6.0448637e-03
  3.9976180e-02
 -6.5987953e-03
  2.2874203e-02
 -4.9870756e-02
  3.9384529e-02
  2.5230601e-02
 -5.1227536e-02
 -3.2936860e-02
 -1.0884811e-01
  9.1699588e-01
 -1.6618354e-02
 -1.0157299e-01
 -6.2161810e-03
 -4.9172401e-02
 -2.6139820e-02
 -1.8984385e-01
  1.0612124e-01
  2.0655870e-02
  6.8633907e-02
 -3.2444552e-02
  8.0015399e-02
 -3.4837034e-02
 -1.3788030e-03
 -3.7968718e-03
 -1.0109926e-02
  1.1997201e-01
 -1.2953916e-01
 -9.1017908e-01
  1.1270157e-01
  9.7698331e-01
  1.0089952e-02
  6.7520007e-02
 -2.6200550e-02
  9.2143156e-02
 -3.1894863e-02
  7.5983644e-02
 -3.7914553e+00
  1.3381101e-01
  3.0528624e-03
 -1.9763263e-02
  1.0121990e-02
  6.0797978e-02
  2.3415195e-02
  1.9032327e-02
  3.1524852e-01
  4.4125039e-02
 -9.9722467e-02
  1.0160555e-01
  3.3580717e-02
 -9.9877007e-03
  4.9827136e-02
  2.9798472e-02
  2.6040513e-02
 -1.2873060e-02
  1.6337719e-02
  5.2061542e-03
  3.7199315e-02
 -6.2424587e-03
 -2.7304085e-02
  5.5208802e-03
  6.4604372e-01
 -1.6703926e-01
 -7.4050552e-01
 -4.2639017e-02
  8.0822283e-01
 -8.3117917e-02
 -1.0119395e-01
 -8.8216282e-02
 -2.7195826e-02
  2.0120066e-02
 -5.4168664e-02
 -1.1831402e-01
  2.7614184e-02
  6.8131216e-02
  3.9503932e-02
  9.4575047e-02
  1.5390702e-01
  1.8068026e-01
  3.6028053e-03
 -1.4575551e-01
 -7.0582349e-03
  1.2790798e-01
 -4.8925493e-02
 -1.7796637e-02
 -9.5955031e-03
 -1.3303494e-02
 -5.8406565e-02
 -2.6481403e-02
 -8.2534127e-02
  1.2370229e-02
 -1.1034775e-01
  3.6648879e-04
  7.2907470e-02
  2.0615708e-02
 -1.7157161e-03
 -9.1346985e-01
 -5.0154522e-02
  7.2071171e-01
 -1.7275287e-02
 -1.2453260e+00
  5.5395872e-03
  1.4264593e-01
  1.5464608e-02
  2.1696649e-02
 -5.5777293e-02
 -3.5127889e-02
  2.0104407e-01
  5.9663121e-02
  1.0381806e-01
 -1.2584357e-01
  1.2244300e-02
 -9.3841754e-02
 -3.0250875e-03
  3.0626114e-03
  7.0566316e-03
  1.7247576e-01
 -8.0670647e-02
 -1.1683445e-01
 -1.1592732e-01
 -5.3181574e-02
 -8.1109166e-02
 -5.2296231e-03
  6.8434901e-03
 -1.0484629e-01
 -5.2459273e-02
 -2.1475527e-01
 -5.1659547e-02
 -2.2237096e-02
 -7.6933064e-02
 -6.3511945e-02
 -5.7649779e-01
 -8.4371579e-01
  7.7571565e-01
  5.1149610e-02
 -1.2681811e+00
 -1.0951508e-02
  2.0964529e-02
  1.8243501e-03
 -3.7993174e-03
  1.1965958e-02
  1.5706776e-02
  4.5019925e-02
  3.5399184e-02
  1.3065588e-01
 -1.1142183e-02
  2.7671722e-03
 -9.5944485e-04
  4.0046036e-02
  9.7376322e-03
  2.8834676e-02
  4.7355115e-02
  1.6366061e-02
  1.3038897e-02
 -3.4931283e-02
 -6.0682643e-02
  2.6345612e-02
 -2.7080268e-02
  8.5475400e-02
 -4.5309197e-02
 -8.5752562e-02
  1.7542358e-02
 -2.1757210e-02
  1.4273170e-01
  9.1115804e-03
 -2.8778668e-02
 -7.8076673e-01
  4.0966865e-01
  1.0368079e+00
 -1.3023876e-01
 -9.8899376e-01
 -4.9373969e-01
 -1.6579705e-01
  1.4917605e-02
 -4.2779334e-02
 -7.8666054e-02
 -3.9093934e-02
 -1.1597283e-01
 -1.0883625e-01
 -8.4249221e-02
  4.7437479e-03
 -4.1774178e-01
 -5.6604099e-02
  4.9377064e-04
  3.7429202e-02
 -6.5093800e-02
  7.0146732e-02
  3.9076425e-02
 -9.3852870e-02
 -1.3931997e-01
  3.2372251e-02
 -3.0919581e-03
  4.1724909e-03
 -1.6856993e-02
  7.9476938e-02
 -1.6503802e-02
 -5.6522127e-02
 -7.5190330e-01
  9.2704706e-02
  8.5315563e-02
  4.4538740e-02
  7.4715745e-01
 -3.4370157e-01
 -8.7689930e-01
 -1.2815136e-02
  7.1006817e-01
  7.3405102e-02
 -1.0528851e-01
 -8.5400939e-03
  3.0030534e-03
 -6.0474880e-02
 -9.2003822e-02
 -3.6495741e-02
  5.9158571e-02
  4.0915716e-02
  4.6785627e-02
  2.8284291e-02
  5.5105776e-02
 -1.0570813e-02
 -2.0620326e-02
  6.8804063e-02
  1.1071561e-02
  1.2003586e-01
 -7.4548632e-02
  8.8498518e-02
 -3.3976026e-02
 -1.1597784e-01
 -2.7256457e-03
  7.8969207e-03
 -7.1292147e-02
 -6.8393322e-03
  1.7984886e-02
  2.7662884e-02
  1.6021674e-02
 -3.7290357e-02
  1.2836342e-01
  5.2597356e-01
 -1.1401498e+00
  1.1386573e-01
  1.0819814e+00
  3.5896480e-01
 -9.9101812e-02
 -5.1679976e-02
 -1.2419497e+00
 -3.0587992e-01
 -1.3669027e+00
  2.7833849e-01
  1.4781201e+00
 -6.8984401e-01
 -1.2159963e-01
 -1.9453952e+00
  1.6769761e-01
 -2.3974153e-01
 -1.3842194e+00
  7.6643956e-01
 -4.5513394e-01
  1.6626765e-01
 -7.2985888e-01
 -1.1804445e+00
  7.8916508e-01
 -4.7724533e-01
  2.6417592e-01
  1.5777010e-01
  5.1663893e-01
 -5.8536433e-02
  2.0089317e-02
  1.8741378e-01
  2.6178876e-01
 -2.9757303e-01
  1.2437087e+00
  1.9772895e-01
  5.6940138e-01
 -1.9939572e-01
 -1.0090582e+00
  3.0828437e-01
  3.8480628e-01
  2.4464054e-02
  1.8341107e-02
  9.2344679e-02
  3.8713799e-04
  3.5851382e-02
 -1.1660126e-02
  1.0097062e-01
  1.1198335e-01
  4.9357139e-02
 -1.1048622e-01
 -4.3047238e-03
  9.3871681e-03
 -5.4223880e-02
  4.7707770e-02
  4.6703473e-02
 -1.0896969e-02
 -1.4213704e-02
 -4.7883768e-02
 -2.3571711e-02
  1.0139061e-02
  1.2228429e-01
  1.1086868e-01
  2.2199091e-01
  1.4362613e-02
 -1.4760295e-01
 -7.1783975e-02
  5.6368778e-03
 -1.4404890e-02
  6.2403999e-02
  1.0891660e-02
  6.8957382e-01
 -5.6591851e-01
 -8.3879334e-01
  1.3784057e-02
  7.2973651e-01
  1.1776028e-01
 -7.5070821e-03
  1.3001382e-01
 -1.1787235e-02
  9.5796958e-02
  4.7070600e-02
 -2.3581475e-01
  2.6751338e-02
 -1.7214287e-02
 -4.2431492e-02
 -2.6322419e-02
  6.8250531e-04
 -2.1340434e-01
  1.7118528e-02
  9.9315129e-02
 -6.8102419e-02
 -7.1199305e-02
  4.8858017e-02
  4.2741310e-02
  1.1354342e-02
 -1.9320235e-01
 -1.9659363e-02
 -1.8769616e-02
  1.9439377e-03
  6.2188573e-02
  4.4679869e-02
 -9.9473214e-03
  3.5747398e-02
 -6.6436529e-02
 -4.1409284e-02
  1.7337195e+00
 -2.2947405e-01
 -6.8097454e-01
 -4.9988751e-04
  2.0614266e-01
  3.7334412e-02
 -5.8219910e-02
 -3.8560696e-02
  2.7849308e-01
  5.5472612e-02
 -6.6313274e-02
 -5.9048254e-03
  1.1953374e-01
 -1.0370591e-02
  1.0616346e-01
  5.2379530e-02
  1.0497085e-01
  1.5936289e-02
 -1.4611609e-01
  1.2981372e-01
  2.2150295e-02
 -1.9805230e-02
 -5.1334754e-02
  4.9473260e-02
 -7.4612103e-02
  9.9160345e-03
  7.8599334e-02
 -3.6234610e-02
 -4.2579021e+00
  6.5218000e-04
 -1.8372890e-02
 -3.5640229e-02
 -4.8333406e-02
 -2.7195750e-02
  3.0811403e-03
 -3.5148159e-01
  4.4358277e-01
  5.1088482e-01
 -2.5966030e-01
 -8.7131721e-01
  3.8619231e-02
 -5.2423917e-02
  7.7958936e-03
  1.0672017e-02
 -6.7124493e-02
 -2.2829798e-01
 -2.4575613e-02
  3.7592307e-02
  6.0641702e-02
 -6.9889119e-03
 -8.3954670e-03
 -1.1818454e-01
 -1.1547048e-01
 -6.7524232e-02
  9.4573228e-03
 -7.9182766e-02
 -8.7636381e-02
  8.6104982e-03
  5.1120114e-02
 -4.3377709e-02
  3.4660779e-02
  2.0125352e-02
  5.4072745e-02
  4.0017851e-02
 -4.5874912e-02
 -7.6470360e-02
 -6.4821586e-02
 -5.1764321e-02
 -5.1650447e-03
  6.2123209e-02
 -7.8166795e-01
  5.5579537e-01
 -5.3389508e-01
  4.1510626e-03
 -8.5425091e-01
  3.9159626e-01
 -1.6403420e-02
  4.7292572e-02
 -1.3281563e-01
 -4.5026183e-02
  5.8026961e-03
  9.1005921e-02
 -8.8464469e-02
 -6.6020000e-03
  3.3767380e-02
 -3.0253492e-02
  2.2672131e-03
 -2.4488878e-02
  3.7251465e-02
  2.2060724e-03
 -9.6878499e-02
 -5.4721642e-02
 -5.3833216e-02
  1.7655478e-01
  1.3598866e-02
  1.6186483e-02
 -7.1255572e-02
 -2.0465773e-02
  1.8253884e-01
 -1.3549763e-01
 -5.7413820e-03
 -8.0597326e-02
  4.9142350e-02
  1.3435941e-02
 -3.7302610e-02
  5.5192709e-01
 -5.8028233e-01
 -7.6908523e-01
  6.3036226e-02
  8.3093047e-01
  2.3239426e-02
  1.2353155e-02
  7.6669961e-02
 -4.5314457e-02
 -3.4093235e-02
  7.0461638e-02
 -4.6747375e-02
 -5.9747059e-02
 -3.9287657e-02
 -3.0631928e-02
  4.5643330e-02
 -8.4623896e-02
  1.5994588e-02
  1.9822681e-02
  8.4776565e-02
 -1.3799514e-01
 -3.6412403e-02
  9.2321895e-02
  2.0830456e-02
  1.4664713e-02
  7.8912251e-02
 -6.0196910e-02
 -1.3995205e-02
  2.3614474e-02
 -1.0961197e-01
  9.1414511e-02
 -3.1939626e-02
  7.4057043e-02
 -5.0789431e-02
  5.4592222e-02
 -2.0674682e+00
 -4.0867320e-01
  6.6113877e-01
 -3.4230191e-02
 -3.9737765e-03
 -9.1922730e-02
 -9.3520015e-02
 -2.5471842e-01
  3.6964327e-02
 -1.3599275e-01
 -3.4117673e-02
  1.0516834e-02
 -8.1275567e-02
 -7.2697520e-02
  4.2732466e-02
 -3.7812173e-02
  1.6313905e-02
 -8.5211769e-02
  8.9766709e-03
 -1.5613239e-01
  1.6242294e-02
  2.5551809e-02
 -1.4263983e-01
 -5.9180744e-02
  7.1294261e-03
  9.1960584e-04
  8.8050477e-03
 -7.4695617e-02
  1.6069405e-02
 -1.0924051e-01
  9.9259592e-04
 -1.6672541e-01
  4.5332585e-02
  1.0772318e-01
  5.3311501e-02
 -1.6483525e+00
  1.8336383e+00
  5.2433848e-01
  1.7819957e+00
  1.3816758e+00
 -2.9422417e-01
 -1.1352675e-01
 -7.8065097e-01
 -7.1453583e-01
  3.7921656e-02
  1.0668743e-01
 -1.1738494e-01
 -1.3928397e+00
 -9.0544313e-01
 -2.6114380e-01
 -1.0529609e+00
 -2.2849596e-01
 -1.6524284e+00
 -1.3094716e-01
 -2.7072418e-01
 -1.6996875e-01
 -8.0326331e-01
 -1.0142792e+00
  3.7772950e-02
 -2.3134072e-01
 -4.8999856e-03
 -3.2090433e-02
  1.6615114e-01
 -1.0225028e-03
  4.0917061e-02
  6.0371198e-02
  1.0067397e-01
 -3.3303875e-02
 -5.1595017e-02
  3.2806560e-02
  6.4188552e-01
 -2.9617649e-01
 -9.2802471e-01
 -1.5207443e-02
  6.6814566e-01
  7.6957546e-02
 -9.0617448e-01
 -2.4763787e-01
  1.3505626e-02
 -2.1286635e-02
  5.7037830e-02
  2.0231366e-02
 -5.6061100e-02
  6.0343444e-02
  2.7097628e-02
  1.0088036e-01
  5.8973648e-02
  1.8163794e+00
  3.6978059e-02
 -7.8540735e-02
  2.0085216e-01
  9.2198484e-02
  2.2518983e-02
 -1.9657984e-02
  2.5126278e-02
 -3.7915348e-03
 -4.2273782e-02
 -1.5059986e-02
 -1.4666823e-02
 -9.6867211e-02
 -3.6310881e-01
  3.2283231e-03
  8.2152031e-02
  3.1931505e-02
  7.1889669e-02
 -3.4729496e-01
 -6.6962761e-01
  3.8114831e-01
  1.7037380e+00
 -2.2826936e+00
 -1.4763014e-01
 -1.4226674e-01
 -5.5193961e-01
 -2.0967895e-01
 -9.0193599e-01
 -8.8625598e-01
 -1.3496614e-02
 -7.9599813e-02
 -4.3065596e-01
 -5.7347274e-01
 -9.4683021e-01
  2.4978180e-01
 -7.5414902e-01
 -1.3561537e-02
 -1.4438065e-02
 -1.2494650e+00
 -6.4698015e-03
 -1.8097089e-01
  6.4345294e-01
 -6.9705233e-02
 -7.4269694e-01
 -3.5173662e-03
  1.1957482e-02
 -3.9811961e-02
  2.4654265e-02
  1.1243785e-02
  4.7926676e-02
 -6.0630932e-02
 -5.6207818e-01
  2.0923601e-02
  8.4321517e-01
 -5.1361674e-01
 -1.2964256e+00
  5.8360483e-02
  8.5758424e-01
 -5.3592226e-03
 -5.4676037e-02
  1.2794213e-01
 -1.4176745e-02
 -1.4663385e-01
 -2.7298806e-02
 -6.2210325e-02
 -2.5784941e-02
 -5.6800894e-02
 -9.5633268e-02
 -1.3998824e-01
 -4.9076859e-02
  1.8817406e-02
 -6.5550573e-02
  8.5681953e-02
 -4.6631951e-02
  4.9434878e-02
 -4.4347759e-02
  1.4428759e-01
  6.0785249e-02
  7.3207945e-02
  2.7952190e-02
 -1.1582573e-02
 -2.4698943e-02
  2.2828225e-02
  4.4183888e-02
  5.6198929e-02
 -4.5872059e-02
  2.5728917e-02
  1.8756244e-02
  8.2411957e-01
 -5.4354001e-02
 -4.3551812e-01
  1.0400627e-01
  6.8505782e-01
 -1.0070382e-02
 -1.6397616e-02
  6.1997093e-02
  1.3865881e-01
  1.1359186e-01
  5.6277923e-02
  3.3470418e-02
 -1.5379396e-01
 -8.5260235e-02
  2.3992192e-02
  6.6342633e-03
  7.7288948e-02
  3.8416531e-02
  2.9062802e-02
  5.3096261e-02
  6.9342375e-02
 -5.0866283e-03
 -1.4474639e-02
 -2.3698770e-02
 -9.3070656e-02
 -1.8572960e-02
 -4.3073919e-02
 -5.0398614e-03
  4.5137931e-02
  3.4984801e-02
 -7.5479321e-02
 -1.2036626e-01
 -1.5290804e-03
 -2.4159133e-01
  5.2667320e-02
  3.6082491e-01
 -2.8422207e-01
 -5.7903326e-01
 -3.8241021e-02
  9.3154514e-01
  1.8039194e-01
  1.3851795e-01
 -6.5532222e-02
 -6.4714637e-04
 -6.1353769e-02
  8.8235013e-02
  6.0485989e-02
 -5.8130383e-02
 -4.7553848e-03
 -3.8112877e-03
 -2.2029897e-02
  2.7392326e-02
  1.6058136e-02
  7.2928973e-02
 -1.6733118e-03
 -7.8976221e-02
 -1.1905836e-01
  2.0675847e-02
  7.0218548e-02
  1.4677425e-01
  1.1011740e-02
  2.6551092e-02
 -5.3065524e-02
  4.1347556e-03
  2.7672376e-02
  8.7206215e-02
 -5.7052553e-02
  1.0505544e-02
  1.6112535e-01
  5.9095882e-02
 -5.3008145e-01
  8.1346527e-02
  6.8816632e-01
  1.7485745e-02
 -7.1528721e-01
 -1.6617121e-02
  8.3963327e-02
 -5.9376650e-02
 -5.1527832e-02
  1.2676942e-02
 -1.3026257e-01
 -7.5074737e-03
 -1.1392871e-01
 -4.4893296e-03
 -1.7585237e-02
  3.5298944e-02
  6.5446876e-02
  5.9181180e-02
  9.4758436e-02
  5.4818694e-03
  3.1287406e-02
  3.0725277e-03
 -4.6659943e-02
 -1.3074668e-02
 -9.9003278e-02
  5.1238548e-02
  9.3775829e-03
 -8.8607781e-03
  1.2752309e-01
 -7.5704977e-02
  6.5202631e-02
  2.2871833e-02
  2.6850052e-02
 -2.9765437e-03
 -4.7409169e-02
  4.9917835e-01
 -3.8783833e-02
 -7.7909625e-01
 -1.7880045e-02
  8.5707283e-01
  1.5453044e-02
  1.2559623e-01
 -2.5071108e-03
  8.7482954e-04
  1.0742844e-02
  2.1706162e-01
  2.5297642e-01
 -2.9553577e-02
  6.3209399e-03
  3.7167221e-01
  4.3349881e-03
 -1.3426203e-01
  5.7743698e-02
 -1.4907500e-01
 -3.8994949e-02
  5.1053286e-02
 -1.7097887e-02
  9.5214304e-03
  1.3235712e-01
 -1.9103285e-02
  2.7267458e-03
 -4.0267102e-02
  1.5157155e-02
  1.6476217e-01
 -5.7172514e-02
 -7.6780491e-02
  8.4358484e-02
  7.1078226e-02
  7.9807878e-02
 -5.9678800e-02
  9.4667280e-01
 -3.0507970e-01
 -9.6183670e-01
  6.5308511e-02
  8.8468879e-01
  1.3645324e-01
  4.2819034e-02
  1.0399508e-01
  7.7472836e-02
  6.4551383e-02
  1.6285607e-01
  1.1753585e-02
 -3.0604335e-02
 -1.3758336e-01
 -6.0848609e-02
  1.2889682e-01
  1.1507392e-02
 -1.9644819e-02
 -9.3476409e-03
  1.2198090e-02
 -3.4399174e-02
  2.4760511e-02
  1.0312787e-02
 -4.9198028e-02
  7.6324036e-03
  3.3203728e-02
  1.1742216e-01
 -1.7210458e-03
 -1.3280162e-01
  2.0522836e-01
 -3.0434286e-02
 -5.4673474e-02
 -9.7954698e-02
 -2.1212947e-02
 -1.2863809e-03
 -1.2289090e+00
  9.8583549e-02
  1.2323607e+00
 -2.6462026e-02
 -8.4458776e-02
 -5.8933526e-02
 -9.2040055e-02
 -3.6998853e-02
  2.9162390e-02
  3.9574634e-03
  8.5736401e-02
  5.9515964e-02
  3.7971616e-02
  2.6839880e-02
  3.0244274e-02
 -2.5816934e-02
 -1.1875158e-02
 -6.9306649e-02
  4.0284827e-02
 -3.0518025e-03
  2.9099118e-02
 -5.4391824e-02
 -1.3429396e-02
 -6.9104291e-02
 -9.8960362e-02
  9.2308201e-02
  5.2042961e-02
 -5.7202294e-02
 -5.1375646e-02
  9.7384214e-02
  2.6876351e-03
 -5.8176100e-02
 -2.9669303e-01
  8.9496858e-02
  1.5631571e-02
  9.4543213e-01
  1.4527532e-01
 -1.0423352e+00
 -2.7934980e-04
  9.5314097e-01
  3.5218966e-01
  1.7820448e-01
  1.8669318e-02
  1.4094596e-01
  3.8463657e-04
 -2.9774578e-02
  1.1675886e-02
 -1.4265342e-02
  3.2977194e-02
 -7.2587498e-02
  8.8978790e-02
  8.6119905e-02
  3.2838382e-02
 -2.7067228e-03
  4.4368103e-02
 -3.5483841e-02
  1.2223158e-01
  2.0524158e+00
  7.9165865e-03
  2.7725976e-02
 -2.8128184e-02
 -9.9991769e-02
  1.2896786e-02
  2.3089066e-02
 -1.5286161e-03
  4.6794876e-02
  3.2077819e-02
  3.8565714e-02
 -1.8197182e-01
  4.3108884e-02
  8.1624132e-01
 -3.2658944e-01
 -7.1782428e-01
  1.0850340e-01
  5.2197850e-01
 -6.4628810e-02
  2.6066976e-03
 -7.3256725e-03
  2.0841233e-02
 -1.6840623e-01
 -1.7291233e-02
 -3.4601413e-02
  1.4686500e-01
 -3.3772666e-02
 -2.7552702e-02
  6.2104009e-02
 -5.3953566e-02
 -1.0422562e-02
 -3.2977760e-02
 -1.0769819e-02
  5.4319583e-02
  8.5189402e-02
 -1.6678395e-02
 -9.3208123e-03
  1.0865726e-01
 -1.2404037e-01
 -1.2906943e-01
  5.1755775e-02
  4.0759817e-03
 -1.0823935e-02
 -1.5354924e-02
  4.5243040e-02
  4.7855616e-02
 -4.7646020e-02
  1.4256179e-01
 -4.4925684e-01
  7.0858645e-01
  5.9624088e-01
 -8.7476954e-02
 -6.7833829e-01
  5.6148984e-02
 -3.1088332e-02
 -9.0523632e-03
 -1.1484613e-01
 -4.0813439e-02
  3.3302259e-02
 -1.4179821e-02
 -8.9075416e-03
  8.3540529e-02
 -6.7102076e-03
 -1.2164299e-01
  2.2247541e-03
  1.3235326e-01
  8.1559038e-03
 -8.8402014e-03
 -1.2058204e-02
 -8.5243486e-02
 -1.0814410e-01
  7.7232048e-02
  6.4464204e-02
  1.0545953e-01
  4.0263288e-02
  4.1438971e-02
  1.3755146e-01
  2.3204485e-02
 -1.3561705e-02
 -2.7742632e-02
 -2.6889879e-03
  1.8814575e-02
 -1.6458891e-01
  7.2225487e-01
 -3.4872419e-01
 -1.1456896e+00
 -4.1200403e-02
  5.2748567e-01
 -9.7301431e-02
 -2.0455786e-03
  1.4730567e-03
 -1.8065117e-02
  1.6481158e-01
  3.6233686e-02
  2.4144448e-01
 -1.1444666e-03
  4.3875974e-02
 -1.0758752e-02
  7.4773438e-02
  3.3608049e-03
  7.5129215e-03
  1.0407115e-01
 -3.8894501e-02
  1.5210739e-01
 -2.9244933e-02
  5.9480380e-02
 -2.5536830e-02
 -7.1197815e-02
  3.0158851e-02
  4.3433711e-02
  3.7659757e-02
  8.6903451e-03
  1.0170817e-01
 -7.8460805e-02
 -1.3284883e-01
  2.8497672e-02
 -2.6407754e-02
  2.6877252e-02
 -9.4900793e-01
  3.5636317e-02
  1.7793701e+00
  7.3148765e-02
 -7.5734288e-01
 -1.4916095e-01
 -1.1687957e-01
 -8.6781196e-03
  1.2685169e-01
  2.6606278e-02
 -6.4873122e-02
 -1.8449321e-02
  6.7486279e-02
 -2.2789812e-02
 -4.9129758e-02
 -1.2350704e-01
  7.2352901e-02
 -2.1258228e-01
  5.1810101e-02
  1.3567301e-02
  2.6999759e-03
 -1.4250046e-01
  3.7284732e-02
 -1.2920406e-01
 -8.0735885e-02
  6.1872259e-02
  6.5065222e-03
  5.6924045e-02
 -4.7488883e-02
 -1.2325305e-01
  1.3911595e-02
  5.7055503e-02
 -5.9793577e-02
  7.5279251e-02
  4.8701681e-02
  2.4346131e-01
 -4.3066546e-01
 -1.2038364e+00
 -3.5818849e-02
  7.9536605e-01
  1.4572541e-01
  1.0818718e-01
  2.2956398e-01
 -1.2915702e-01
 -4.6131071e-02
  6.8886518e-03
 -5.2493230e-02
  4.0846743e-02
  1.1065380e-01
  4.1606929e-02
 -2.4119239e-02
 -1.1318736e-01
 -8.8930286e-02
 -1.9554744e-02
  2.7839039e-02
 -6.8442576e-02
 -8.2380153e-02
  1.0999717e-01
  1.4128587e-01
 -1.4903280e-02
 -2.5643969e-02
  1.5477744e-02
  2.6409829e-01
  9.9794805e-02
  1.1995460e-02
 -6.4945966e-02
 -1.5521249e-02
  1.6514136e-02
  1.2768157e-01
 -1.9198917e-02
  6.5819919e-01
 -3.3537710e-01
 -7.6033819e-01
  1.0404035e-01
  8.5596991e-01
 -7.9460442e-02
 -2.9502267e-02
 -1.6131166e-01
  2.2124228e-01
  2.2088744e-02
  3.5183929e-02
 -5.0009198e-02
  1.4201997e-01
 -4.0745057e-02
 -4.1866294e-01
  6.5706879e-02
  2.7401986e-02
  3.5711713e-02
  4.1519742e-02
  1.2934052e-02
 -1.0745111e-01
  2.2751592e-01
  2.4772665e-02
  7.5970329e-02
 -9.3971781e-02
  8.9631975e-03
  2.5155775e-02
 -5.8629919e-02
 -4.9017905e-04
 -6.0842644e-02
 -5.9666717e-01
 -1.9121869e-01
 -3.4630194e-02
  3.3826571e-02
  3.1277291e-02
 -8.1689054e-01
  5.0539976e-01
  5.0751626e-01
  1.8192152e-02
 -7.0172554e-01
 -4.2518940e-02
 -8.8208209e-04
 -1.0121297e-01
  2.6172306e-02
  2.8270967e-02
 -1.3470436e-02
 -3.5670590e-02
 -4.9539998e-02
  6.5843515e-02
  5.2155979e-02
  4.6987131e-02
 -1.5173554e-01
 -2.8785771e-02
  4.5546196e-02
 -2.0731211e-02
  1.7185386e-02
 -2.3475349e-02
  1.9965903e-03
  3.0867485e-02
 -7.5631696e-03
 -1.6367517e-01
 -9.0434395e-02
 -1.6313663e-02
  5.2642613e-03
 -1.0385306e-01
 -1.6704196e-03
  7.6561257e-02
 -1.3695082e-01
 -1.0540090e-01
  6.8574980e-02
  7.1745729e-01
 -2.6874319e-01
 -1.6605021e+00
 -7.0300989e-02
 -8.9186555e-01
  1.5167718e-02
 -5.4760717e-02
  1.4281340e-01
  1.8255807e-03
 -5.5088054e-02
  2.2229433e-01
  1.9009915e-01
  1.3934205e-02
  3.7801694e-02
 -4.0021986e-02
 -5.9830096e-02
  6.9191612e-02
  1.3508780e-01
 -2.4427371e-02
  9.2267916e-02
  7.9932816e-02
  1.0374487e-01
  6.8049036e-02
  4.9901210e-02
 -9.7486522e-04
 -3.0961968e-03
 -7.9097770e-02
  7.9848424e-02
  3.5516303e-02
 -2.4908587e-02
 -3.4368567e-02
  7.9661002e-03
  9.3141817e-02
  1.1926936e-02
  4.6156973e-02
 -7.6667851e-01
  5.5060071e-01
  3.9823359e-01
 -1.1747038e-01
 -1.0346074e+00
  1.3682745e-02
 -9.6755125e-02
 -6.1994523e-02
  4.0926252e-02
 -1.0201760e-02
 -9.5944805e-03
 -2.2214908e-02
 -2.2702357e-02
 -1.8339600e-01
  8.7395050e-02
 -1.0268120e-01
 -2.2257982e-02
 -7.8562312e-02
 -7.8713313e-02
 -1.2132105e-02
 -2.0824774e-01
  9.2429318e-02
  1.9251751e-02
 -1.3263443e-01
  5.5916313e-02
  4.6719257e-02
  1.5408312e-02
  5.2681170e-02
 -3.1530462e-02
 -5.4431312e-02
  8.4674343e-02
 -5.3011137e-03
 -4.1157581e-02
 -7.5285673e-02
  4.6235981e-04
 -7.9887146e-01
  5.3387403e-01
  1.2198110e+00
 -5.5345442e-02
 -1.2264998e+00
  1.3287209e-02
 -5.0918408e-02
 -1.1741241e-01
 -1.2108252e-02
  1.3141768e-01
 -6.1786171e-02
 -2.1294244e-02
  6.7107990e-02
 -2.8620243e-02
  3.8444202e-02
 -5.9436202e-02
 -9.4850536e-04
 -6.2904410e-02
 -4.0083829e-02
 -7.7902198e-02
 -5.3850085e-02
 -1.0856553e-02
  9.3311854e-02
 -5.5476092e-02
 -1.7110051e-01
  7.1521953e-02
  1.0324647e-01
  5.2562442e-02
  2.2868074e-01
 -2.6087172e-02
 -1.1983955e-03
 -6.0792672e-03
  1.0637878e-01
  1.0166203e-01
 -2.6049200e-02
 -1.9217673e-01
  3.3226389e-01
  7.1237910e-01
 -2.6267463e-01
 -4.6911556e-01
 -1.2660460e-01
  6.2369613e-04
 -1.9035530e-01
 -4.0586285e-02
  5.1897693e-02
 -4.9456730e-02
 -2.7819293e-02
  4.6122558e-02
 -1.8934347e-02
  1.9405305e-02
 -3.0402629e-02
  2.5840462e-03
  4.0729158e-02
 -1.0075963e-01
  4.9977671e-02
 -3.2537334e-02
 -3.6210242e-01
 -1.5512089e-02
 -3.1523481e-02
  5.1655900e-02
 -7.0599779e-02
  7.2672397e-02
 -3.2085054e-02
 -1.6903542e-02
 -4.0232740e-02
  7.5249495e-03
 -6.4034514e-02
 -1.7332878e-02
 -4.2118389e-02
 -2.0355742e-02
 -9.4011122e-01
  2.9496691e-01
  8.5446405e-01
 -2.6440468e-02
 -8.3015800e-01
  3.5238199e-02
  9.5751109e-03
 -5.6685332e-02
  3.3663034e-02
  1.0262905e-01
 -5.5530343e-02
 -6.3859284e-02
  3.9501265e-02
  6.2071715e-02
 -1.2697652e-01
 -2.2435006e-02
  2.0204033e-03
 -4.3800911e-03
  9.9719673e-02
 -3.1263385e-02
 -5.7248909e-02
 -9.7533655e-01
 -5.1019497e-02
 -4.4276543e-02
 -6.0087841e-02
 -3.1141618e-03
  2.8622240e-02
 -2.1323172e-02
 -6.2420208e-02
 -4.0436905e-02
  9.8407321e-02
  2.3149932e-02
  2.6156180e-02
 -3.6679294e-02
  2.4753667e-02
 -4.2345312e-01
  5.3917795e-01
  5.6888932e-01
 -2.5856793e-02
 -8.1642818e-01
 -3.8074117e-02
 -1.2644005e-01
  5.7275865e-02
  6.5017785e-03
 -1.1300831e-01
  8.6050676e-03
  5.1392194e-02
 -1.3165654e-03
 -7.9485357e-02
 -3.7177093e-02
 -2.3509275e-02
  8.7869540e-03
 -1.4471895e-01
 -1.9028338e-02
 -1.5302112e-02
 -5.2950695e-02
 -2.1739921e-01
 -2.3916024e-01
 -2.6565975e-02
 -2.1623179e-02
 -1.1307948e-02
 -9.0411313e-02
 -9.2020407e-02
  6.6139549e-02
 -3.1629980e-02
  3.1144291e-02
 -5.2696101e-02
 -5.7722952e-02
 -9.3405791e-02
  1.5465602e-02
  7.2518903e-01
 -4.3245390e-01
 -6.6486990e-01
  1.0636155e-02
  1.0990999e+00
 -2.8112495e-02
 -1.1623150e-02
  7.1819350e-02
  6.6622309e-03
 -4.8474826e-02
  1.2493036e-01
 -8.2227863e-02
 -2.0747831e-02
 -2.2090892e-01
  2.2087291e-02
  2.0763360e-02
  7.7477368e-03
 -2.5743237e-03
 -3.3200596e-02
 -3.5092682e-02
  6.8778880e-02
  4.6015955e-03
 -3.8582049e-02
 -7.1922161e-02
  7.2149359e-02
 -5.6005247e-02
  1.4726720e-02
 -3.9645672e-02
 -5.2113209e-02
 -2.7717447e-02
  4.4757206e-02
  6.0714383e-02
 -3.7453941e-04
 -5.9843510e-02
  9.9746464e-03
  8.1361413e-01
 -5.5543542e-01
 -4.7151375e-01
  6.4549685e-02
  9.7244585e-01
 -2.4448173e-02
 -5.1560462e-02
  3.5817031e-02
  2.8295152e-02
  2.2019574e-02
 -6.5899515e-03
 -1.0029852e-01
  7.5431168e-03
  1.1839674e-01
  9.8016620e-02
 -8.9717731e-02
  8.9723572e-02
 -3.3224557e-02
 -3.4131571e-03
  5.0778049e-03
  1.8463204e-02
  2.8102016e-02
 -5.5100955e-02
 -1.1121841e-01
 -1.0832095e-01
 -6.9759437e-03
 -4.0868096e-02
  1.2773386e-02
  5.4591349e-03
  1.7426271e-02
  2.3190312e-02
 -3.2520633e-02
 -2.0952258e-02
  1.6415045e-02
 -7.7369688e-03
 -4.7596440e-01
  3.3725840e-01
  5.0819820e-01
  6.1806418e-02
 -1.1020077e+00
 -9.0487331e-02
 -9.2030838e-02
 -4.4905912e-02
 -3.5264531e-01
 -1.0766204e-01
 -1.1238649e-01
  3.3405375e-02
 -1.8328100e-02
  1.8679250e-02
 -7.5313017e-02
 -9.9430390e-02
 -3.2473203e-02
 -6.9445312e-02
 -1.6860694e-03
 -6.3252863e-03
 -1.7060202e-02
 -1.5379868e-02
 -2.3846241e-02
  4.5475196e-02
 -5.8390804e-02
 -1.6739834e-02
  2.3129258e-02
 -4.8558716e-02
  1.0154744e-01
  1.3757895e-02
  1.1580984e-01
 -3.7753481e-02
 -3.4976214e-02
  2.1622220e-02
 -3.7368676e-03
  6.1412877e-01
 -2.9372662e-01
 -7.7846330e-01
 -7.4163586e-02
  1.0419195e+00
 -3.1092046e-03
 -4.2079467e-02
 -1.0433248e+00
  4.3062144e-03
  1.6544804e-02
 -2.8579708e-02
 -1.0998508e-01
  1.0970172e-02
  8.4692970e-02
 -1.1393283e-01
 -6.6861637e-02
 -8.6833403e-02
  2.9345572e-02
  1.0573860e-01
  3.3440374e-02
 -1.9376154e-01
 -1.2005533e-01
  3.6760341e-02
  3.0791495e-02
  9.7781636e-02
  3.5225160e-02
 -2.8602488e-02
  1.0171528e-02
 -9.9529296e-02
 -6.4271189e-02
  9.3249358e-02
  1.5761495e-01
  3.1079963e-01
 -1.8453533e-02
 -1.7624803e-02
 -7.7789074e-01
  2.3315477e-01
  8.1228960e-01
 -1.7928731e-01
 -8.8939685e-01
 -4.4591021e-02
  3.9538059e-01
 -2.0300467e-03
 -2.7285090e-02
 -2.1064563e-02
 -3.0654043e-02
 -1.0121339e-02
 -3.4585223e-02
 -5.0837155e-03
 -5.2758448e-02
  1.8037125e-01
 -3.2526650e-02
  7.5329095e-02
  1.7629286e-02
  2.1425264e-01
 -2.8212316e-02
 -2.0311363e-03
 -2.1561164e-02
  6.2211774e-02
  1.8345092e-01
  2.1922192e-02
 -6.3147157e-02
 -5.8877263e-02
 -5.6007085e-04
  2.0270683e-02
 -3.6758520e-02
 -5.2909940e-02
 -6.6414431e-02
  4.3646358e-02
 -9.3861684e-02
 -5.2814561e-01
  3.7378886e-01
  9.3232006e-01
 -5.7162654e-02
 -1.2625380e+00
 -2.1036221e-02
  3.4146380e-02
 -3.5972500e-03
 -6.1303865e-02
 -3.4338892e-02
  1.5330980e-02
  8.9837179e-02
  3.2896772e-02
  2.2737311e-02
 -2.0627414e-03
  3.5115877e-01
 -2.2063838e-01
 -9.9809356e-02
 -1.7249372e-02
 -5.9950169e-02
  1.1211417e-02
  1.2264017e-02
 -1.9586643e-02
 -5.3818434e-02
 -1.3377517e-01
  4.9198538e-02
 -9.3280874e-02
  4.1496363e-03
 -7.5155713e-02
 -4.3518566e-02
 -8.3785884e-02
 -9.6165463e-02
 -8.2398236e-02
  7.5283527e-02
  1.1394209e-01
 -5.6322879e-01
  7.4885321e-01
  4.7177318e-01
  7.4475110e-03
 -1.0558492e+00
  2.9221330e-02
 -2.4604024e-02
  3.2955188e-02
 -8.5108496e-02
 -1.0913970e-01
 -8.4563635e-02
  1.1572420e-02
  1.7894845e-02
 -1.3543642e-01
 -1.4303485e-01
  4.2457435e-02
 -2.1042051e-02
 -9.3535730e-04
 -1.5852218e-02
  4.2372156e-02
  1.6526647e-02
  1.3956103e-02
 -5.4344493e-03
 -5.1314547e-03
 -2.6935406e-02
  6.1689530e-02
  1.6130758e-02
  6.7000695e-02
  3.3669204e-01
 -9.5301419e-02
 -2.5962971e-02
  2.0537460e-01
  2.5823493e-02
 -1.3731272e-02
  2.7398318e-02
  2.6049364e-01
 -2.9824322e-01
 -7.3715973e-01
 -2.2680733e-02
  8.5625064e-01
  2.1651229e-03
  3.4986485e-02
 -7.8805678e-02
  1.5770122e-01
  2.5559593e-02
 -2.3922350e-02
  5.3092960e-02
 -4.0166443e-03
  3.1389639e-02
 -4.1920941e-02
  9.4152525e-02
 -1.5852043e-01
 -3.6348823e-02
  2.8299363e-02
  5.2058417e-02
  1.1573754e-01
  1.7788181e-01
  1.6415417e-01
  1.3490811e-02
 -9.1889292e-02
 -5.3565074e-03
 -9.8387122e-02
 -8.4028862e-02
 -1.4042553e-02
  8.5579064e-03
  5.7377253e-02
  9.6942261e-02
 -1.0732765e-02
  3.1614918e-01
 -4.4313375e-02
 -3.8571358e-01
  3.6425874e-01
  5.2431637e-01
 -6.4036652e-02
 -8.1462586e-01
  3.5612539e-03
  1.0970453e-01
  4.6609854e-03
 -5.0874569e-02
 -6.3723795e-02
  4.2938995e-03
 -2.6523706e-01
  7.8964852e-02
 -8.3166681e-02
 -7.4904144e-02
 -2.1368586e-02
 -2.5978924e-03
  7.4351110e-02
  4.5078877e-02
 -1.4415450e-01
  4.5254443e-02
 -2.4204234e-02
 -1.0702612e-01
  7.9917632e-02
 -2.8168987e-02
  2.3964019e-03
 -9.6579589e-02
  4.0340103e-02
 -2.6570087e-02
 -3.2160770e-02
 -1.6303906e-02
 -1.8193785e+00
 -2.9143733e-01
 -1.9545309e-01
  1.0183798e-01
  6.5212846e-01
  1.2260666e+00
  1.6747091e+00
  1.5995787e+00
  3.0344009e+00
 -1.7404176e-02
  4.7828284e-01
 -9.6895285e-02
  1.5158371e+00
 -7.5596221e-02
  8.9896184e-01
  2.6263880e-02
  5.6824405e-02
  9.3014158e-02
 -3.3930082e-02
  4.9939424e-01
  2.7518529e-01
  1.7974753e-02
 -5.9524910e-03
  7.0900902e-02
  4.5541537e-01
  6.4294413e-02
 -1.6924277e-02
  1.7514397e-01
 -1.2114677e-02
  4.0873569e-01
 -1.3028710e-01
 -5.6364954e-02
 -4.5829169e-02
  1.7702179e-02
  1.2018306e-02
  3.2611307e-02
  7.6836221e-02
 -1.0170743e-01
 -9.5027909e-02
 -4.6970364e-01
  6.1504549e-01
  7.1635294e-01
 -2.6983640e-01
 -8.1989568e-01
 -6.2559903e-02
  9.5677179e-01
 -2.4689527e-03
 -5.1887184e-02
  1.6372281e-01
 -3.7656192e-02
 -4.7539398e-02
  9.5796265e-02
  3.6772847e-02
 -4.1195080e-02
 -2.4555130e-02
 -2.0351542e-02
 -8.4922850e-02
  1.4334717e-01
  1.8172115e-02
  3.1348672e-02
  3.0979752e-03
 -3.2604348e-02
 -2.3798244e-02
 -4.1796301e-02
 -8.7504424e-03
 -1.2163462e-02
 -2.6098639e-03
  1.4578674e-02
  9.2938365e-03
  1.5336169e-02
 -5.8931530e-02
  4.8086688e-02
  1.1459002e-01
 -1.4656818e-01
  1.0521604e-01
 -6.2244147e-01
 -1.2000238e+00
 -7.0223463e-01
  9.3756509e-01
 -6.4556964e-02
  5.7763584e-02
  9.0867821e-03
  2.8812990e-02
  1.3349122e-01
  9.1230117e-02
  5.4790517e-03
  1.3046281e-01
 -1.7115343e-02
  9.2048638e-02
  3.2020029e-02
  1.7752312e-02
  7.3924931e-03
 -7.4096099e-02
 -1.8123273e-02
  2.6720950e-02
  1.0158548e-01
 -7.4969329e-02
 -3.8597513e-02
 -5.7572164e-03
  4.3937478e-02
 -8.0913298e-02
 -1.7869309e-02
  5.8095660e-03
  2.3747556e-02
  3.0782210e-02
 -2.7011167e-02
  4.4426668e-02
 -8.3738476e-02
 -1.9148408e-02
  2.8036797e-01
 -6.4774621e-01
 -6.6350418e-01
  2.0071978e-03
  4.6282879e-01
 -1.9266717e-02
 -1.1176129e-01
  2.4784829e-03
  1.1201460e-01
  4.5805112e-02
 -3.2186575e-02
  1.6545694e-02
 -1.4016576e-01
 -3.7587684e-02
  4.4385221e-02
 -7.0074446e-02
  2.3033911e-02
 -1.4138509e-02
 -3.0846566e-02
  6.5946721e-02
 -9.3798429e-02
 -1.4190361e-02
 -2.6496073e-02
 -3.7404165e-02
 -1.2244110e-01
 -6.5553419e-02
 -4.0218309e-03
  1.2479087e-01
  1.9842595e-01
  5.3383596e-02
  5.3280257e-02
 -3.3491176e-01
 -1.3871715e-04
  1.1302457e-01
 -8.4263068e-03
  3.6007380e-01
 -4.1465840e-01
 -9.1133487e-01
  8.1719890e-02
  8.1543446e-01
  2.8066272e-02
  1.9246839e-01
  2.1193590e-02
 -5.2603702e-03
 -1.6956769e-01
  5.6283083e-02
 -1.7223056e-02
 -8.7497284e-04
  5.2221596e-02
  2.9765382e-02
  2.1905628e-01
  1.4618810e-04
 -4.3293327e-02
  9.7528838e-02
  1.3617345e+00
 -2.9253067e-02
 -1.1781533e-02
 -3.3622384e-02
 -2.3202441e+00
  3.7201103e-02
  6.5596472e-03
 -1.9693181e-02
  8.2862183e-02
 -1.1929658e-02
  2.7410660e-02
  7.2259799e-02
 -7.3102355e-02
 -5.2760862e-02
 -5.8055781e-02
 -2.0616035e-01
 -6.1484110e-01
  1.6694808e+00
 -1.5460896e+00
  1.5949669e+00
 -1.4644430e+00
  1.3124233e+00
 -1.3907666e+00
  1.0661072e+00
 -1.6945125e+00
 -1.4760692e+00
  1.4351406e+00
  1.6913028e+00
  1.1734439e+00
 -1.2239851e+00
  8.6571270e-01
 -1.1963824e+00
 -1.4033266e+00
 -1.1994904e+00
  1.5157202e+00
  1.6250623e+00
 -1.4042451e+00
  9.8370349e-01
 -4.0340047e+00
 -1.1142498e+00
 -3.0291955e+00
 -1.4714636e+00
 -2.1487734e+00
 -1.2047354e+00
  1.4779761e+00
 -1.7486092e+00
 -1.0735369e+00
  1.8161365e+00
 -9.9693751e-01
 -1.1410314e+00
  1.1054862e+00
 -1.5507327e+00
  9.5106369e-01
 -1.2972827e+00
 -1.3438351e+00
  1.3558561e+00
 -1.2950391e+00
  1.5774868e+00
  3.2173184e-01
  1.2704129e+00
  1.6558350e+00
  1.4057310e+00
 -1.3161401e+00
 -1.3113656e+00
  1.7813027e+00
 -1.5529271e+00
  1.4662819e+00
  1.2695669e+00
  1.5961894e+00
 -1.2894076e+00
  1.4046276e+00
 -5.9511381e-01
  1.4606498e+00
 -6.6455483e-01
 -1.4331893e+00
 -1.3792042e+00
 -8.1553739e-01
  1.2237550e+00
 -2.9370847e+00
  5.3385925e+00
 -3.8613591e+00
  2.2997177e+00
 -4.0204234e+00
  3.9478929e+00
 -3.2301333e+00
 -1.8974458e+00
  3.5755484e+00
  2.2662265e+00
  2.8884008e+00
 -1.6046033e+00
 -1.5545303e+00
 -7.7958262e-01
 -2.0131385e+00
 -1.2160283e+00
  1.5565053e+00
  9.3570399e-01
 -1.6788440e+00
  9.7831589e-01
 -1.5030152e+00
 -6.5963137e-01
 -4.1373086e-01
 -6.4558463e+00
 -3.9699771e+00
 -6.3282239e-01
  1.0045216e+00
 -2.7974076e+00
 -2.7677829e+00
  6.9449062e+00
 -2.1203184e+00
 -1.0296673e+00
  7.4176902e-01
 -3.2650006e+00
  3.7452447e+00
 -1.9334502e+00
 -1.4116875e+00
  1.8975607e+00
 -7.4664211e-01
  3.9704595e+00
  1.3759810e+00
  4.0143919e-01
  5.0911574e+00
  1.2092564e+00
 -3.1418519e+00
 -1.7123046e+00
  3.5694382e+00
 -2.7580335e+00
  1.8701987e+00
  3.1639578e+00
  3.1787357e+00
 -1.0706413e+00
  1.1706129e+00
 -2.1997111e+00
  2.3667560e+00
 -7.2741550e-01
 -1.0843211e+00
 -1.6790637e+00
 -1.3258437e+02
  1.3187225e-01
  8.2528502e-01
  1.5732243e+00
  1.0266540e+00
  5.5821071e+00
  4.9972886e-01
  4.7099414e-01
  9.1048598e-01
 -9.4534421e-01
 -1.1367179e-01
  1.7897645e-02
  2.8019795e+00
 -2.1022921e+00
  2.8331971e+00
  2.2332070e+00
  2.4751432e+00
  8.9930791e-01
  1.8277739e+00
  1.9241638e-01
  3.2856548e-01
 -1.1306474e-01
 -1.9893909e+00
  1.7310038e-01
  2.5165830e+00
  2.2645936e+00
 -3.3290005e-01
  1.8926337e-01
  1.1036628e-03
  1.6791003e+00
 -1.1334740e+00
  4.0381260e-02
  1.4310150e-01
 -4.5001679e-03
 -1.2620444e+00
  4.3084833e-01
  4.3908888e-01
  1.4690492e+00
 -1.2652969e+00
 -2.0464077e+00
  4.4570675e-01
 -1.5458852e+00
 -1.0070318e-01
 -3.0858546e-01
 -1.4220442e+00
 -2.8127658e-01
 -2.7344021e-01
 -3.4488556e-01
 -1.7278346e+00
 -7.8934830e-01
 -5.4087913e-01
  6.3019413e-01
 -1.4452894e+00
  6.5048140e-01
 -1.7307857e-01
 -9.1302377e-01
 -1.7491447e+00
 -3.0549731e+00
 -3.8817176e-01
  1.5906617e-01
 -2.0407042e-01
 -1.7398667e+00
  5.3083599e-01
 -2.2624354e+00
 -2.5006366e+00
 -8.8949877e-01
 -4.9295504e-02
 -5.6391656e-01
 -7.0478672e-01
  9.0528423e-01
 -5.0979239e-01
 -1.1497840e+00
 -7.0272094e-01
  1.9491374e+00
  1.4689735e+00
 -6.9351059e-01
 -1.1017319e+00
  1.2255634e-02
 -4.4741966e-02
 -3.2158068e-01
 -4.3210611e-01
 -4.6369750e-02
  6.6384423e-01
 -2.2855904e+00
 -2.4645379e+00
 -7.3556304e-01
  7.4435848e-01
 -1.4651825e+00
 -1.8571595e+00
 -3.1689301e-03
 -9.3546823e-02
  1.0182193e-02
 -8.0461860e-01
  6.5170109e-01
  1.5399021e+00
 -3.9859834e-01
  2.0613089e-01
  1.1272646e+00
  3.7803754e-01
 -2.7978539e+00
 -2.4458287e+00
  1.8090956e-02
  3.1756008e-01
 -4.7570512e-01
 -2.1008825e+00
  2.9350996e+00
  2.0134337e+00
 -5.2336025e-01
 -2.3157356e+00
 -2.3382380e+00
 -3.1763089e+00
 -1.2154951e+00
 -2.1953499e+00
  3.7931447e+00
 -2.1411483e-01
  1.5267372e-01
 -2.7017937e+00
 -2.8545108e-01
 -2.6964183e+00
  4.0378380e+00
  3.0507765e+00
 -2.7448184e+00
 -2.5440421e+00
  2.1379366e+00
 -1.2820986e-01
 -1.1266917e+00
 -4.7064865e-01
  1.5544037e-03
  8.9655213e-02
 -2.5009343e-01
 -2.0104227e+00
 -1.2142260e+00
  2.5647652e+00
 -1.2540549e+00
 -2.0354283e+00
 -1.5958116e+00
  2.2743738e+00
 -1.8355726e+00
  2.3927550e+00
 -2.7600706e-01
 -6.4826685e-01
  5.8394301e-01
  3.9539747e+00
  1.7071076e-01
 -1.0098929e+00
  1.5350748e+00
  2.4314442e+00
  8.4731781e-01
 -7.0344418e-01
  5.3324826e-02
  9.9916983e-01
 -1.9105759e-02
 -7.8401720e-04
 -3.1886438e-01
  2.5097249e+00
  5.8224946e-01
  2.5198274e+00
  3.2478013e+00
  3.7729230e+00
  3.3323392e-01
 -1.3618501e-01
  1.9908683e+00
  1.6462636e+00
 -2.0134619e-01
 -3.3041663e-02
  2.2055259e+00
  1.5025532e+00
  3.9157922e+00
  5.1727281e+00
  1.8703879e+00
  1.3275809e+00
  2.6701746e+00
  2.7370224e+00
  1.1313409e+00
  6.7264658e-01
 -9.1440514e-02
  3.0689399e+00
  1.4179054e+00
  6.5793651e-01
  1.2825029e+00
  2.6112008e+00
  2.1548368e-01
 -2.0182185e+00
  1.1528651e+00
 -4.5551021e-02
 -2.5573378e+00
  2.1429386e+00
  2.6233230e-02
  4.2341548e-01
  7.6310009e-01
  3.2893288e-01
  1.6354804e-01
  2.6847878e+00
 -8.1087905e-01
 -3.3849688e+00
  5.4929507e-01
  5.1678783e-01
  8.7726688e-01
  5.4483390e-01
 -2.8007887e-03
  3.4340492e-01
  5.9696853e-02
  2.7461841e+00
  7.2350019e-01
  9.3917626e-01
 -6.0984957e-01
  1.1884488e+00
  1.2347136e-01
  1.4080822e+00
 -7.6311302e-01
 -1.0219639e-01
  1.2345415e-01
  1.7177470e+00
 -2.2403288e-01
 -1.2685136e-01
 -1.8797845e-02
  2.3371885e-02
  2.1054316e+00
  7.3778617e-01
 -1.0325999e+00
 -3.7998787e-01
  2.9650147e+00
  1.1328717e-02
  1.6750295e-02
 -8.2511401e-01
 -2.0192208e+00
  4.4643515e-01
 -3.6749104e-01
 -1.8603414e-01
 -1.5896808e+00
  7.4738041e-02
 -4.8057410e-01
 -1.0413555e+00
  6.0948551e-01
  7.0955791e-02
  9.0389371e-01
  6.2114745e-02
  3.9606106e-01
  1.9096644e-01
  1.5856547e+00
  7.4683750e-01
 -1.6367851e-01
  6.1168438e-01
 -1.1431775e+00
 -1.0284437e+00
  1.0990635e+00
  8.0161577e-01
 -8.1600177e-01
  1.4739868e-01
  8.9698017e-01
  9.6506394e-02
 -1.6965082e-01
 -3.4543374e-01
 -8.9964785e-02
  4.0515390e-01
  7.4508291e-01
  6.0037714e-01
 -4.1866217e-02
  1.8947875e-02
  1.3847417e+00
  4.3394904e+00
 -4.9573264e-01
  1.0340279e-01
 -1.2150372e+00
 -1.6489367e+00
  3.4416687e-01
  7.0319572e-03
 -9.4849730e-01
  3.8224393e-01
 -1.0070697e+00
 -3.6149381e-03
  2.8463110e-01
 -1.0214541e-01
  6.1782314e-03
  4.6838894e-01
 -1.9433547e+00
 -9.9804723e-01
  1.1087228e+00
  2.4014577e-01
  8.9461905e-01
  3.5290590e-01
 -3.5561740e-01
 -7.8810595e-02
  1.7494633e+00
  1.0862697e+00
  1.3809639e+00
  5.5559850e-01
  1.1352652e+00
 -1.1410566e-01
 -4.3292394e-01
  4.6821487e-01
 -1.6888223e+00
  2.4733849e-02
  1.3193119e-01
  2.6705214e-01
  1.3438420e-01
 -2.0614309e+00
  5.6967074e-01
  1.8589664e+00
  5.3625056e-03
 -1.4333130e-01
 -1.8575561e+00
 -2.3590689e+00
 -1.3616122e+00
 -1.7573172e+00
 -1.9681739e+00
 -2.3572099e+00
  2.5556496e-01
 -1.2504546e-01
  2.1413865e+00
  7.6706159e-01
 -9.2354141e-02
 -5.5510634e-01
  9.4222456e-01
  2.5123211e-02
  2.2817035e-01
 -6.0348582e-01
 -2.1350700e-01
 -5.9455019e-01
  1.2776725e+00
  1.5639505e-01
 -4.7661304e-01
 -1.8139619e-01
  6.0307336e-01
 -2.3043215e-01
  1.2528783e+00
 -9.1774173e-02
  1.2074212e+00
  1.7522015e-02
 -2.0646718e+00
 -5.9752428e-04
 -4.3714762e+00
  1.2675245e+00
  1.0074356e-04
 -4.1709468e-02
  1.1070096e+00
  1.9315702e-01
 -1.5510385e+00
 -3.0716696e-01
  2.8663281e-01
 -7.7441216e-01
  5.7470554e-01
 -5.7582859e-02
 -8.3527945e-02
  6.7067754e-01
  9.2084974e-01
 -4.5876098e-03
 -2.2642992e-01
 -1.6088882e-01
 -1.1952927e+00
 -7.2185653e-01
 -1.5986657e+00
 -1.2193463e+00
  4.0762018e-02
  5.5591232e-01
 -1.7395722e+00
  6.9386072e-02
 -9.8308593e-01
 -2.8279307e-01
 -5.1191121e-01
  2.3423663e-01
  2.9616835e-02
  2.9616835e-02
  2.9616835e-02
  2.9616835e-02
  2.9616835e-02
  2.0425856e-01
  2.0425856e-01
  2.0425856e-01
  2.0425856e-01
  2.0425856e-01
  1.6406114e-01
  1.6406114e-01
  1.6406114e-01
  1.6406114e-01
  1.6406114e-01
  5.0968606e-02
  5.0968606e-02
  5.0968606e-02
  5.0968606e-02
  5.0968606e-02
  2.4840077e-02
  2.4840077e-02
  2.4840077e-02
  2.4840077e-02
  2.4840077e-02
  1.8215278e-01
  1.8215278e-01
  1.8215278e-01
  1.8215278e-01
  1.8215278e-01
  8.9403339e-02
  8.9403339e-02
  8.9403339e-02
  8.9403339e-02
  8.9403339e-02
