nep4_zbl 2 Ga In 
zbl 1.25 2.5 0.7
cutoff 6 5 68 39
n_max 4 4
basis_size 8 8
l_max 4 2 1
ANN 60 0
  6.1614022e-02
 -4.3847058e-02
 -2.7869873e+00
 -2.8235176e+00
  2.5846524e+00
 -6.3115947e-02
 -8.5768357e-02
 -6.4460799e-02
 -2.7179703e-01
 -1.9747764e-01
 -1.8004642e-01
 -3.1341210e-02
  7.5115331e-02
 -1.5335025e-02
  3.6466873e-01
  2.3565745e-02
  7.4175157e-02
 -4.9471956e-02
 -1.4781159e-01
 -1.4850625e-02
 -1.2016048e-01
 -4.1535646e-01
 -3.9243687e-02
  1.5679642e-03
 -6.4384021e-02
  9.0380497e-03
 -2.5398921e-02
  3.9108280e-02
 -2.4067285e-02
 -4.6572387e-02
  6.8192440e-04
 -2.5036573e-02
  3.6838941e-02
  1.2189766e-02
 -5.4201866e-03
  5.6272201e-02
  3.3054817e-03
 -1.4660603e+00
  2.2096974e-01
 -4.2338043e-01
  2.5281606e-03
 -6.9286071e-02
  9.0214536e-02
  2.6296353e-02
  1.0860273e-02
  5.9189074e-02
  7.7058539e-02
 -2.7449490e-03
  1.4593503e-01
  1.9452985e-02
  2.0341901e-02
  2.2033921e-02
 -1.2963396e-01
 -6.0858804e-01
 -2.6968760e-02
  7.2688080e-02
  2.6739715e-02
  4.5030840e-02
 -1.5067398e-02
 -5.7825325e-03
  6.6813864e-02
 -1.8111851e-02
 -9.7291935e-03
 -1.4579406e-02
  8.4354617e-02
 -5.9397265e-02
  1.2554473e-01
  5.0618104e-03
  7.7913411e-02
  3.8175099e-02
  1.1557891e-02
 -5.0170090e-02
 -1.4219893e+00
  2.6003328e-01
 -2.9647917e-01
  4.3491319e-02
  2.0359738e-03
  3.1841163e-02
  6.5684006e-02
 -5.5112634e-02
 -9.6957833e-02
  3.3922065e-02
  1.4024391e-02
 -5.8172923e-02
  1.9789027e-02
  1.3323801e-02
  2.4074357e-02
  1.4825212e-02
  1.4633832e-02
  4.7115383e-01
 -1.8107841e-02
 -2.7052889e-02
 -4.6596844e-02
  1.6521518e-03
  1.5111007e-02
 -9.3982811e-04
  1.3825423e-02
  8.4059894e-02
 -2.2613123e-02
 -2.9221536e-03
 -8.9364968e-02
 -1.9406307e-02
 -1.3399358e-01
  1.0479531e-02
  6.1125695e-03
 -4.4640295e-02
  3.1093067e-01
  1.3964152e+00
 -3.5427693e-01
  5.8132875e-01
 -1.7804724e-01
  9.0393834e-03
 -4.4627566e-02
  4.0965617e-02
 -4.8535731e-01
 -9.1883376e-02
  4.1506656e-02
  3.1991277e-02
  2.2760712e-02
  9.5961638e-02
 -1.8638872e-02
 -1.4617422e-01
  1.2347850e-02
  3.2852034e-03
 -1.3791460e-02
 -6.2834688e-02
  4.9490511e-02
 -1.7657254e-02
 -5.4356840e-02
  3.6209051e-02
 -9.6205376e-02
  2.6690289e-02
 -1.8295597e-01
  7.9384446e-02
 -1.8127719e-02
  4.1345131e-01
 -1.6561551e-02
 -6.9602214e-02
 -8.4030582e-03
 -1.4400397e-01
 -1.2951674e+00
  1.2080915e+00
  2.8363700e+00
  2.3009629e+00
 -9.5207590e-01
 -6.7416005e-02
  8.1157453e-02
  1.9316243e-01
  1.2941768e+00
  6.6900343e-01
 -1.8851358e-02
  3.8909469e-02
 -2.3344614e-01
 -1.1882739e-01
  1.4355312e-01
 -2.0854751e-02
  5.9851968e-01
 -5.0296408e-01
  7.5080276e-01
 -8.9991771e-02
  5.3455567e-01
  8.5505289e-01
 -2.2084382e-01
  7.4884486e-01
  2.8662043e-02
 -1.0044835e+00
  5.6623537e-03
 -9.3322903e-02
  1.3623606e-01
 -1.1601514e-01
  1.2637495e-02
 -3.0921604e-02
 -5.2970856e-02
 -1.2711149e-03
  1.5908148e-02
 -3.1476263e-02
 -5.4163206e-01
  2.7560663e+00
  2.2305915e-01
 -1.3831815e+00
  1.7806368e-01
 -3.8898024e-01
 -6.7043704e-01
 -5.4207623e-01
 -2.3110041e-01
  1.6847135e-01
 -4.2629662e-01
  4.4422138e-01
 -6.1632130e-02
 -4.0464565e-01
  2.8959355e-01
 -1.4216982e+00
  4.3776795e-02
 -5.3412521e-01
  3.9798852e-02
  2.7804807e-02
 -2.4760354e-01
  3.8370594e-02
 -5.4247737e-02
 -5.0200570e-01
  1.3971820e-01
 -1.0485516e-01
  1.9712936e-02
 -4.5608319e-02
  6.7317006e-03
  8.5969856e-03
  1.3247666e-01
  1.1995529e-01
 -1.1734734e-02
 -5.9914373e-02
  2.8083920e-03
 -2.6909040e-02
 -1.4886677e+00
  4.0129021e-01
 -6.1129373e-01
  1.2049491e-01
  2.6932425e+00
  6.0021944e-02
 -3.4163487e-03
  4.7430582e-03
  1.8304555e-02
 -1.6856742e-01
  3.3263423e-02
 -3.1548660e-02
  1.2933238e-01
  1.1746543e-02
  1.6498351e-02
 -2.2199208e-02
 -1.4006822e-02
 -4.3219283e-02
 -2.1892890e-02
 -1.0735316e-01
 -2.7000405e-02
  7.0626303e-03
  2.2678869e-02
  6.0726271e-04
  3.2200877e-02
 -9.4415866e-02
  8.0669701e-02
  2.7640374e-02
 -3.2291505e-02
  5.5677749e-02
 -6.8565816e-02
 -3.9020870e-02
 -2.0918865e-03
  2.2376379e-02
 -9.7543597e-03
  1.1114596e+00
 -3.3275685e-01
  6.3104320e-01
 -4.4950943e-02
  1.5736029e-02
  2.0204311e-02
  2.9094482e-02
  1.0544383e-01
 -6.0082059e-02
 -4.1948400e-02
 -1.3545301e-02
  1.0910176e-01
 -6.4579785e-02
  1.2587932e-01
 -8.3485991e-03
  9.0370858e-03
 -2.7656728e-02
  3.9966870e-02
 -1.9007701e-01
 -1.2233569e-02
  2.6070585e-02
  1.7985174e-02
 -9.4592003e-03
  1.2373610e-02
 -4.7318175e-02
 -1.1216011e-02
  4.5977212e-02
 -3.8602736e-02
  5.8639742e-02
 -1.0292152e-02
 -7.7377521e-03
 -1.7696172e-02
  1.1706082e-01
 -4.0388752e-02
  3.4410734e-02
  6.8980241e-01
 -1.6983808e+00
  5.1986539e-01
 -6.1796490e-02
 -9.3666270e-02
 -1.1022655e-02
 -3.6585305e-02
 -6.4310111e-02
 -2.6998431e-03
  5.5910334e-02
  1.1470982e-01
 -2.4938144e-02
 -2.7302073e-02
  8.8888086e-02
  1.2212063e-01
  2.7856331e-02
 -1.1093669e-02
 -2.2988630e-02
 -1.0461398e-02
 -9.7139482e-04
 -1.6746275e-01
 -1.8433273e-01
 -1.3304389e-02
  4.0835187e-02
 -8.6006194e-02
  5.6628269e-01
 -5.3789206e-03
 -4.1397147e-02
 -4.0847685e-02
  9.4901193e-03
 -1.2376481e-02
 -2.3510218e-02
 -2.8797908e-02
 -6.5477490e-02
  5.3358185e-03
  1.4572388e+00
 -1.5563083e-01
  7.6504904e-01
 -1.9408505e-03
  9.5280008e-03
  4.4783731e-03
  9.3862638e-03
  9.7938208e-03
  2.9455777e-03
 -1.1300416e-01
 -2.4483938e-02
 -2.3766777e-03
 -1.1634584e-02
 -3.6996931e-02
  1.3037919e-02
 -1.4578917e-02
 -2.2025378e-02
 -7.0444085e-02
  4.4864163e-02
 -4.9088132e-02
  4.2377762e-03
  8.8631786e-02
 -1.1554688e-02
  1.1291900e-01
 -3.1321660e-02
 -8.4226234e-03
 -9.4855493e-03
  8.3475076e-03
  6.0287430e-03
 -2.6461583e-02
 -7.3005542e-02
 -2.3564704e-02
 -5.6266230e-02
 -3.4237165e-02
 -8.0875270e-03
  1.2596763e+00
 -2.6509130e-01
  5.3529799e-01
 -1.3305584e-02
 -9.9235391e-03
 -2.4417795e-02
 -5.4811604e-02
  1.3869374e-02
 -6.0282508e-03
  1.4576730e-03
 -2.1853221e-03
 -5.1674560e-02
 -1.2595363e-02
 -1.0633006e-02
 -4.2386465e-03
 -4.8555441e-02
 -5.0881539e-02
  3.7653804e-02
  1.6967931e-01
  2.3731403e-02
  7.5113244e-02
  1.6498607e-02
 -3.2435939e-02
 -4.6836082e-02
  5.6993134e-02
 -8.4146790e-02
  2.1157857e-02
 -2.0274183e-02
  1.8219180e-02
 -3.3261403e-02
  1.3675361e+00
  1.1162561e-03
 -9.9569680e-03
 -9.0424693e-04
 -2.0356660e-01
 -2.4833477e+00
  2.7465263e-01
 -1.2856033e+00
  2.2258706e-02
  5.5587771e-03
 -1.9301176e-02
 -1.9491453e-02
  5.8690445e-03
  1.6926477e-02
  3.3333753e-03
 -1.0209285e-02
 -1.1201686e-02
 -2.7626788e-02
  1.0384205e-02
 -3.5847273e-02
 -1.1862091e-02
 -9.2854016e-03
  3.4910355e-02
  9.0988003e-02
  1.0658057e-01
 -9.8840334e-03
 -1.4710790e-02
 -1.9970005e-03
  2.4806807e-02
  8.9464799e-02
  6.1241998e-03
  4.1368115e-03
 -3.2595105e-02
 -6.8799861e-02
  5.0048274e-03
  2.7229544e-03
  5.0349917e-02
 -1.4229017e-02
  4.0753139e-03
 -3.2866608e-02
 -9.6470928e-01
  1.8418203e-01
 -7.5163686e-01
 -3.5008673e-02
  6.6338256e-03
  6.1525788e-02
  1.2376540e-02
  1.3909236e-02
 -1.7306858e-01
 -5.1779445e-02
 -1.0842184e-03
 -2.9845225e-02
  1.4855425e-01
  1.1565471e-02
  8.1799866e-04
 -1.7518751e-02
  1.9568449e-02
 -4.2705063e-02
 -5.9582811e-02
  1.5356124e-02
 -3.3656072e-02
 -1.6160894e-02
 -4.6499413e-02
 -2.0078339e-02
 -3.1393990e-02
 -2.6451720e-02
  6.7569517e-02
  2.6191931e-02
 -3.7094936e-02
  2.9080600e-02
 -1.1566694e-01
  9.7654544e-02
  2.1371948e-02
  2.4183255e-01
  4.1600568e-03
 -1.1628859e+00
  3.6681089e-01
 -4.0877306e-01
 -7.6724505e-03
 -5.3954497e-02
  1.3380877e-02
 -2.0305212e-03
  9.5228357e-03
  1.9385011e-01
 -1.1698999e-02
 -4.3272986e-03
 -2.9256209e-03
  8.1650624e-03
 -1.4429128e-02
  4.2452268e-02
  2.3214880e-02
  4.8155878e-03
  2.6754607e-02
 -2.2281613e-02
  1.2437572e-02
 -1.7687672e-01
 -3.1519696e-02
 -1.5222771e-01
  2.8336350e-02
  3.6228381e-02
 -3.5154056e-02
 -1.6189633e-02
 -3.8004503e-02
 -4.5095310e-02
 -2.4561798e-02
 -5.7733830e-02
  4.1079000e-02
 -6.5745234e-02
 -4.7378633e-02
  1.8507198e+00
  1.1289707e+00
 -4.1010302e-01
  3.7620670e-01
 -8.4155597e-02
  4.2420659e-02
  2.8764974e-02
 -4.6479073e-03
  1.5260166e-02
 -5.3889476e-02
 -3.9883137e-02
 -1.1318830e-01
 -2.2268804e-02
 -6.0843974e-03
  5.1445127e-02
 -6.0645472e-02
 -6.1781082e-02
 -5.1042467e-02
 -9.1813758e-02
  4.4675626e-02
  1.6094502e-02
 -2.4011061e-02
  7.0933327e-02
 -1.8376885e-01
 -3.9200772e-02
  1.1782810e-01
 -9.3255833e-02
  1.6481027e-02
  7.8415155e-01
 -4.6834014e-03
  5.4259878e-02
  4.3465449e-03
  1.0129999e-02
  6.6118367e-02
 -3.8012821e-02
  2.3310784e-02
  1.3475561e+00
 -2.5166422e-01
  3.9584428e-01
  3.9277803e-02
 -1.5469784e-02
  7.9082511e-02
  8.2171313e-02
 -3.3581343e-02
  7.8661814e-03
 -2.0529304e-02
 -8.3618723e-03
  9.9770948e-03
 -8.7008707e-02
  7.4133597e-02
 -1.1004999e-03
 -8.1116252e-02
 -6.0038105e-02
 -5.4064587e-02
 -2.2616856e-02
  8.0170743e-03
 -1.2048122e-02
 -1.5971234e-02
  5.5408576e-03
  6.3701130e-02
  8.8446081e-02
  1.4930652e-02
  1.4310397e-02
  1.4520188e-02
  2.7891101e-02
 -1.1404455e-01
 -1.2837783e-01
  4.7733523e-02
 -6.6023678e-02
 -7.5791514e-01
  8.6017534e-02
 -1.5746832e+00
  4.6237998e-02
 -4.2089775e-01
  6.5235985e-03
  1.4008998e-02
  1.0660572e-01
  6.7398988e-02
  2.7055891e-02
 -1.8228646e-02
  7.4142925e-03
 -8.6794689e-02
 -4.4957506e-03
 -8.4525505e-03
  1.0650098e-01
 -4.9576059e-02
 -3.3823431e-01
  1.0244082e-01
  1.8102951e-02
  2.0952979e-02
  8.1576206e-02
  8.6747762e-03
 -1.4268012e-02
 -1.8558195e-03
 -6.1939034e-04
 -1.4261356e-02
  8.3036050e-03
 -3.2151947e-04
 -3.3897802e-02
 -2.9030151e-03
  1.9815974e-03
 -6.1933547e-02
  2.8348096e-02
  1.2362143e-02
  4.0343251e-02
 -4.9505658e-02
 -1.4979526e+00
  1.7563969e+00
 -5.1285982e-01
  9.2354193e-02
 -1.0639380e-01
 -3.2085694e-02
 -1.8100303e-02
 -5.9595925e-05
 -6.2232575e-04
 -6.9085434e-02
  8.6001977e-03
  2.9054472e-02
 -1.1271793e-01
  4.0854093e-02
 -3.1439457e-02
 -2.1380736e-02
  8.5994527e-02
 -1.2850618e-02
  8.2988478e-03
  1.4922295e-02
  2.3344193e-02
  1.3006018e-01
 -5.4445326e-02
 -1.4819516e-02
 -2.5380455e-02
 -5.9782162e-02
  8.9621525e-03
 -3.6022313e-02
  6.1080009e-02
  2.4237476e-02
  1.6290289e-03
  1.5184161e-02
  2.0501759e-02
 -6.4273596e-01
  5.4788452e-02
  4.5036262e-01
 -6.1504143e-01
  6.3385332e-01
 -1.6526161e-02
 -6.3513503e-03
  2.0353958e-02
 -2.9093444e-02
 -2.5496525e-01
  1.5646376e-02
  1.1284276e-01
  7.9567626e-02
  4.9185671e-02
  2.3373274e-02
 -1.0325344e-01
 -3.4489959e-02
 -4.4371843e-02
  2.3157196e+00
 -1.7170079e-02
 -1.3897815e-01
 -3.5957709e-02
  5.4083974e-03
  2.7425727e-03
 -2.1082608e-02
  2.3237126e-02
  3.3536263e-02
  9.0224311e-02
  4.7107983e-02
  2.7905079e-02
 -5.1643603e-02
  8.5581671e-03
  1.0940933e-02
 -2.2755177e-03
  2.1899550e-01
  6.0236905e-02
  4.8612498e-02
 -1.5810837e+00
  1.4408533e-01
 -5.9852773e-01
 -1.0862081e-01
 -4.9383221e-03
  2.8550236e-02
 -1.2114649e-02
 -5.2691409e-03
  1.7260227e-02
 -5.6761771e-02
  5.5450059e-02
 -3.0546136e-02
 -3.5622556e-02
 -2.4915628e-02
 -1.0261567e-02
  6.0141653e-02
 -2.0960854e-02
 -4.8254613e-02
  3.0831493e-02
  1.0723013e-02
  6.1123114e-02
 -9.6168375e-04
  2.2942650e-01
 -1.4321786e-01
  4.2537954e-02
 -3.8367860e-02
 -4.2294677e-02
 -7.0496090e-03
 -2.1002252e-02
 -5.2358262e-02
  1.9652909e-02
 -3.1972688e-02
  5.3263366e-02
  5.2568940e-03
  1.2761100e-01
  1.2412812e+00
 -6.4621741e-01
  5.1822650e-01
 -1.0118512e-02
 -1.4527168e-02
 -1.0809886e-02
  1.0082611e-01
  8.2641048e-03
 -1.0869598e-03
 -7.8229629e-02
 -5.8775814e-03
 -4.2026788e-02
  3.4456227e-02
 -2.7565085e-03
  3.8869006e-03
  4.7581490e-02
 -8.1861414e-02
  7.3546902e-03
  1.6200770e-02
  5.6091674e-02
  3.0157169e-02
  1.3774120e-02
 -1.5249199e-02
 -7.1598813e-02
 -6.9806892e-03
  3.1258751e-02
 -2.0483132e-02
 -1.2967210e-01
  1.0096467e-02
  2.9320785e-04
 -3.9444908e-02
 -3.3879555e-03
 -2.1500809e-03
  7.6377690e-02
 -4.4842355e-02
 -1.4657919e+00
  1.4847936e-01
 -5.2163088e-01
  3.1256564e-02
  5.0675165e-04
  4.1343097e-02
  1.0280616e-02
 -1.0842219e-01
  2.9265113e-02
 -1.3054159e-02
 -1.3264069e-02
 -5.7974320e-02
  1.3086906e-01
 -1.7625738e-02
 -7.0882462e-02
  7.8785986e-02
 -9.3934350e-02
  3.3816118e-02
  2.0861302e-03
 -8.0751674e-03
 -6.6825338e-02
  1.0143599e-01
 -3.5438715e-03
  1.6109847e-03
  2.1944901e-05
 -6.2634356e-02
  7.0041600e-03
  1.8240680e-03
 -3.3265423e-02
  1.0630891e-01
 -2.8929966e-02
  3.1760417e-02
 -3.4185726e-04
  1.2211014e-01
  1.0072027e+00
 -1.8802255e-01
  1.3875133e-01
 -1.4539602e+00
  2.0545928e-01
  6.6790682e-01
 -1.0109263e-02
 -1.6173394e+00
 -4.8362684e-02
 -9.2715453e-03
 -1.7372824e-03
  4.6995436e-03
 -7.5005966e-01
 -1.8560375e-01
  3.9479132e-03
 -6.9257997e-02
  1.8551076e-02
 -1.9674475e+00
  2.4236985e-02
  4.1761971e-01
 -2.9310645e-03
  8.2761921e-02
 -3.3883963e-02
  9.4517069e-03
  3.3710629e-02
  3.0734332e-02
 -2.7652040e-02
 -1.6561446e-01
  1.6168559e-02
  3.4714695e-02
  9.6302718e-02
  2.6195660e-02
  5.0489932e-02
  2.5245192e-02
  2.1167390e-01
  1.3717060e-03
 -1.1830006e+00
  4.0996861e-02
 -6.0728526e-01
 -4.8206471e-02
  2.5494561e-02
 -4.7114510e-02
 -2.5740536e-02
 -1.7857181e-02
  4.0727023e-02
  3.6231279e-02
 -2.2563240e-02
 -7.2650388e-02
 -1.8204994e-02
 -7.0805348e-02
 -5.0597437e-02
 -1.5899688e-02
  5.1154811e-02
 -2.1287479e-02
 -6.9201194e-02
 -6.8627773e-03
  5.0484214e-02
 -2.4396148e-04
 -3.8432023e-03
  4.2736907e-02
  4.6180613e-02
  4.9499322e-02
 -4.8768859e-02
  2.0100199e-02
  1.4439099e-02
  6.1961763e-02
 -5.9028300e-03
 -1.3826400e-01
 -2.2616666e-02
  5.2083202e-04
  5.2139922e-03
 -1.0396867e+00
  4.6958193e-01
 -6.8739116e-01
 -6.1135641e-03
 -1.1872389e-02
 -1.6613334e-02
  3.1486619e-02
 -3.3789810e-02
 -5.5337794e-02
 -5.2188385e-02
 -5.2023668e-02
 -6.8057701e-03
  2.8756870e-02
 -3.9277546e-02
  1.5263900e-03
  5.1532064e-02
  1.2331188e-01
  3.4428462e-02
  5.4815672e-03
 -1.9861562e-02
 -3.0959279e-03
 -3.8520951e-02
 -1.3935220e-01
 -5.0027884e-04
  5.1950257e-02
  6.6072680e-02
 -2.7466414e-02
  9.0638347e-02
  2.1628414e-03
  1.6382327e-02
 -4.4983473e-02
 -4.6026171e-03
  3.4748659e-02
  1.2239012e-02
 -3.7125617e-03
 -1.5769262e+00
  4.3187359e-01
 -5.3388035e-01
 -1.2336801e-01
  2.5213644e-02
 -1.9431693e-02
 -4.9151991e-02
 -6.6800214e-02
 -4.6251817e-03
 -7.7832029e-03
 -1.4498860e-02
 -1.3654168e-01
 -1.2879956e-02
  2.4520031e-03
  4.2248633e-02
  2.9067274e-02
 -2.5653953e-02
  8.8449575e-02
  3.5437390e-02
  2.7764712e-02
 -3.6880560e-03
  1.8915212e-02
 -4.6334077e-02
  2.6831592e-02
  1.3718940e-01
 -1.1588626e-02
  4.8391305e-02
 -4.5773219e-02
  8.0225237e-02
 -4.9883612e-02
  6.2244903e-02
 -2.0822342e-02
 -7.3313876e-03
  7.8369431e-02
 -2.1255529e-02
 -8.3278984e-01
  6.7867108e-02
 -5.4962456e-02
 -2.0854454e-02
 -3.5151899e-02
  3.5657179e-02
  4.1828580e-02
  4.0919654e-02
  2.0693270e-03
 -1.7828124e-02
 -7.0987083e-03
  7.2830185e-02
 -1.2418475e-02
 -1.5312238e+00
 -2.7608957e-02
 -2.1184517e-02
 -2.5629120e-02
  6.3893758e-02
 -9.5152587e-02
 -1.8397294e-02
  1.4768393e-01
 -7.1411595e-02
  7.1430005e-02
 -2.1108482e-02
 -1.2111427e-02
  3.6175352e-02
 -1.2340444e-02
 -3.6386636e-01
 -2.5425598e-02
  1.1929194e-01
  5.9704357e-03
 -7.6530904e-02
 -2.4367208e-02
  8.1490204e-02
 -1.7873527e-02
  1.0512612e+00
 -3.2396570e-01
  9.0332419e-01
  2.6990330e-02
 -4.3600358e-02
  2.2152704e-03
 -6.1275475e-03
 -4.1056700e-02
  9.0339844e-04
  8.3388817e-03
  5.2245568e-02
  1.8002268e-02
 -1.6506175e-03
  6.0910232e-02
 -6.4855158e-02
  1.2655416e-02
  5.0528672e-02
 -3.4766760e-02
  4.5818787e-02
 -3.1304780e-02
 -5.0297339e-02
 -2.2802496e-02
  8.6801527e-03
 -5.5876304e-03
 -8.4579274e-02
 -2.9433796e-02
  1.8350789e-02
 -6.8980106e-03
 -3.4593031e-02
 -4.2293821e-02
  8.0668427e-02
  2.3230018e-02
 -1.0730717e-01
  1.1500185e+00
  3.7335975e-03
 -3.6730418e-01
  6.8976831e-01
 -6.1398828e-01
  5.7539795e-02
 -1.4800994e-01
  5.6397733e-03
 -1.0245365e+00
 -2.4264231e-02
  2.3081411e-02
 -6.2912232e-03
  1.3688633e-01
  1.0792724e-02
 -6.2615722e-03
 -1.1233095e-02
 -4.1257357e-03
 -1.1449064e+00
 -7.7751860e-02
 -5.1766254e-02
 -5.1850867e-01
 -5.0054304e-02
  1.1457990e-01
 -1.4547492e-02
 -2.1703646e-03
  5.7709411e-02
 -2.0043120e-02
 -1.2848146e-02
 -1.4262756e-02
 -5.1402818e-02
 -6.4625017e-02
  6.7810163e-02
 -5.2234843e-02
  1.4828522e-02
  5.8677369e-03
 -6.4723924e-02
 -5.4186505e-01
  1.4553627e+00
 -3.5987076e-01
  4.9733189e-01
  3.9523337e-03
 -8.8425793e-02
 -3.5195258e-02
  8.5206479e-03
  1.4753002e+00
 -4.5855831e-02
 -1.0640929e-02
 -2.4624838e-02
  3.1349666e-02
  1.6501831e-02
  2.0147448e-02
 -3.0060600e-02
 -8.7602586e-03
  5.1761111e-03
  6.7256875e-02
 -3.5909809e-02
  3.2628357e-02
 -1.9592497e-02
 -5.7698723e-02
 -1.7268214e-02
 -7.7048905e-02
 -1.4141642e-02
  9.3265399e-03
 -3.0619046e-02
 -3.3890091e-02
 -3.7144177e-02
  1.0489495e-02
 -3.5247769e-05
 -1.0720076e-02
 -4.6602119e-02
 -3.1419122e-03
 -6.0854658e-02
 -1.4162167e+00
  7.7436268e-02
 -4.8256910e-01
 -4.1819870e-02
  2.0334162e-02
 -2.7007744e-02
 -4.7361724e-02
  3.7837478e-03
 -3.1715889e-02
  1.7341971e-02
  1.5743686e-02
 -1.6314214e-02
  2.1592142e-02
 -7.7856835e-03
  3.2303590e-02
  4.6507500e-02
 -6.0570007e-03
  4.6754103e-02
  2.9137621e-02
 -2.7517177e-02
 -3.2127146e-02
 -7.0203729e-02
 -8.6614611e-03
 -6.4148591e-04
 -1.2723192e-02
  1.3252420e-02
  4.0136382e-02
 -4.9785335e-02
 -2.7732844e-03
 -5.7866514e-02
  6.8844906e-03
 -8.5047297e-03
 -3.3624861e-02
  5.2031249e-02
 -3.4547362e-02
 -1.4148333e+00
  2.5244603e-01
 -5.2160490e-01
 -2.2994124e-03
 -1.1510857e-02
  2.4803502e-02
 -8.6025059e-02
 -5.5237729e-02
  4.0867749e-01
 -2.3034625e-01
  2.5418887e-02
  5.0280422e-02
 -4.0674806e-03
 -1.2059911e-01
  4.2159107e-02
 -5.0389655e-02
  7.0039378e-03
  1.0043036e-01
 -9.0724297e-02
  1.8136561e-02
  1.9264342e-02
 -4.1298466e-03
 -3.7749637e-02
  4.0295698e-02
 -5.7266030e-02
 -7.9169795e-02
  8.4370233e-02
 -2.0270837e-02
 -7.1247444e-02
 -2.7810046e-02
  3.2511342e-03
 -4.4917878e-02
  6.1752768e-03
 -1.6157144e+00
 -9.6607459e-01
 -1.0505720e+00
 -3.7270148e+00
 -2.9642910e-01
  9.2942432e-02
 -4.6051821e-01
  9.3269922e-02
 -6.7175037e-01
  1.0813433e+00
  6.3940197e-01
 -7.5411350e-01
 -8.0137379e-02
 -9.6368355e-01
 -1.0828770e-01
 -7.4053121e-01
  1.1514411e+00
  9.4470817e-01
  1.4771649e+00
  1.1744046e+00
 -1.0565243e+00
 -8.5733160e-03
  6.9713593e-01
 -7.3148203e-01
  5.0725561e-01
  1.2535670e+00
 -7.5186223e-02
  1.6884740e-01
 -1.7302774e-02
  4.6493980e-01
  1.6619626e-02
  8.6194158e-02
 -5.6598657e-03
  9.3080224e-03
  9.8919347e-02
 -8.2130425e-02
  4.6657532e-02
  1.7745492e+00
 -3.6165851e-01
  1.5752096e-01
 -4.1358609e-02
  6.5896988e-02
 -1.6339181e-02
 -1.2592084e-02
 -4.9569100e-02
 -1.2297909e+00
 -2.3471056e-02
  3.6925712e-04
 -3.6223345e-02
  1.5450414e-02
  1.1390743e-01
  2.7451096e-02
 -1.4893509e-02
  6.8651261e-03
  1.6196486e-02
  8.2599139e-03
  2.6016643e-02
 -6.5957373e-03
  2.5635658e-02
 -1.9828571e-02
  1.2498381e-02
  4.8309956e-03
  1.0459974e+00
 -4.0114895e-02
  1.0791850e-02
 -1.1972627e-01
 -3.7202936e-02
  6.0416781e-04
 -3.6687773e-02
 -1.5768164e-01
 -4.5423618e-01
 -2.2516644e-02
 -1.2805696e+00
  3.5709113e-01
 -4.1857904e-01
 -1.5219606e-01
 -2.8242359e-02
  1.0694212e-02
  3.4006570e-02
 -2.4280613e-02
  7.7632174e-02
  6.0011398e-02
  4.8404135e-02
 -1.5496003e-02
 -7.2691590e-02
 -6.8721615e-02
  3.2877352e-02
  2.9203955e-02
  1.9669473e-02
  5.1548146e-02
  6.4180367e-02
 -1.8662654e-02
 -1.7536273e-02
 -3.6105264e-02
  1.4426487e-02
  1.5135159e-02
  8.3126929e-03
  2.0992357e-01
 -2.3528749e-02
 -3.2613892e-02
  4.2005333e-01
 -5.3867128e-02
 -8.2976855e-03
 -3.6530009e-01
  4.2660851e-02
  6.6639699e-02
 -2.4861550e-01
 -1.1179700e+00
  7.2900727e-02
 -8.1272680e-01
 -4.6247810e-02
  1.3621562e-02
 -2.3719637e-02
 -1.6573953e-02
 -1.1157528e-02
 -5.5100094e-03
 -2.9388558e-02
  1.5971059e-02
 -8.9771114e-03
 -7.4462973e-02
 -3.3755451e-02
  4.5551278e-02
 -6.0980614e-02
 -4.7120363e-02
  4.2655393e-02
  9.0712294e-02
  2.0058626e-02
  6.1267208e-02
  7.0305900e-03
  1.0593530e-01
  1.9541796e-02
  6.9322909e-04
  4.2303387e-02
  6.5674081e-02
 -1.5917765e-02
 -1.5787134e-02
  5.6427242e-03
 -7.2587267e-02
  4.2382058e-02
 -4.9689589e-03
  1.4918438e-03
  3.5613600e-02
  1.6159506e+00
 -1.5493001e-02
  6.5027666e-01
  6.6817382e-05
 -1.2241148e-02
 -5.9667692e-02
  2.5223620e-02
  2.4418086e-02
 -1.0482663e+00
 -3.9116487e-02
 -7.5355279e-03
 -2.4733249e-02
  2.1335471e-02
  4.2672206e-02
  9.7676910e-02
  1.8188150e-01
  1.4422747e-02
 -1.8202469e-01
  8.0650728e-03
  7.6009561e-03
 -3.1634409e-02
  2.9427951e-02
  5.4478150e-02
  1.0286181e-01
 -2.0858951e-02
 -5.5692755e-02
  3.9215922e-02
 -3.3265876e-04
  9.2408955e-03
 -2.3195956e-02
  2.5140661e-01
 -3.5203286e-02
 -1.3262095e-02
 -2.0836373e-01
  4.9039433e-03
  5.1715010e-01
  1.6680101e-02
  9.3116200e-01
 -6.3704327e-02
 -2.1386889e-03
 -3.9083783e-02
  5.9871029e-02
 -1.0657415e-02
  4.3864734e-02
 -2.7033152e-02
  2.3976482e-02
 -2.9001940e-02
 -2.1881780e-02
  1.0204293e-02
  8.5971588e-03
 -4.8404813e-02
  4.0193595e-02
  4.3792825e-04
  1.1465362e-01
 -3.9219428e-02
  1.2619156e-02
 -3.6520798e-02
  5.2441306e-02
 -1.4173975e-02
 -1.2811904e-02
  2.0552633e-02
  1.8833421e-02
  1.1499565e-02
 -3.2335278e-02
  4.3970846e-02
  3.3653844e-02
  4.4244137e-02
  3.5970315e-02
  1.4947404e+00
 -1.1667150e+00
 -3.1563222e-01
 -6.3015145e-01
  2.3791851e-01
  1.6864917e-01
 -5.8419850e-02
 -3.7725982e-01
  1.2360353e-01
  1.7930605e-01
 -8.6296163e-03
 -1.1611776e-01
  9.7362065e-01
  1.0431068e+00
  1.2579997e-01
  1.6513583e-01
  1.0457919e+00
  7.9464473e-02
  2.0268319e+00
 -1.3315946e-01
  4.6545006e-02
  2.7055874e-01
 -1.5567319e-02
  1.1869973e+00
 -5.0842023e-01
 -6.6693902e-01
  1.6821840e-01
 -1.3028049e-02
 -3.1861296e-06
 -1.2548436e-01
  1.9167276e-01
 -2.5990633e-03
 -7.9401499e-03
  1.9449713e-02
 -3.6642414e-02
 -5.9909791e-01
  3.4545241e-03
  2.2381155e-01
 -7.9611522e-01
  1.2842964e+00
 -2.5373319e-01
 -1.2371206e-01
  8.4910430e-03
  8.6400378e-03
  1.2916040e+00
 -2.1357337e-02
  1.5237633e-02
 -1.0525681e-02
 -6.5187137e-03
 -4.5674988e-03
 -2.0007662e-02
 -5.5839732e-02
 -2.2443188e-02
  8.1047378e-02
 -8.9252936e-03
  1.0515601e-02
  9.5129758e-02
 -1.3232301e-02
  4.9955183e-01
  4.1259456e-02
 -2.3915522e-02
  2.3290727e-02
  1.2815244e-01
  1.2096273e-01
  1.1467750e-02
  1.3465027e-02
 -6.8068303e-02
  5.8932286e-02
  1.1379384e-02
  1.7257331e-02
  2.5010315e-01
  9.1324504e-03
 -2.2105143e+00
  2.7309629e-01
 -1.9090445e-01
 -3.0711815e-03
 -2.5507007e-02
  1.8153107e-01
 -6.8668309e-03
 -3.9699897e-02
 -8.9324616e-02
 -2.8815545e-02
 -3.8347796e-02
  3.8847935e-03
 -2.9461803e-02
  1.8969871e-02
 -4.1488227e-02
 -1.6255673e-02
  9.7150363e-02
  7.6493062e-03
  1.3448852e-02
  5.4875579e-02
  4.4590030e-02
 -3.2376409e-02
 -3.8864117e-02
 -2.4295489e-03
 -5.2919946e+00
 -4.2011023e-02
 -7.7070788e-02
  8.1982324e-03
  1.9438660e-03
  3.1963775e-03
  4.1593704e-02
 -2.6351007e-02
 -2.4365174e-02
 -6.3939631e-02
  8.6969152e-02
  9.4621605e-01
 -8.3974086e-02
  3.9334601e-01
 -2.5302505e-02
 -2.5330378e-02
  8.7733641e-03
 -3.3098608e-02
  9.3008690e-02
  6.7311071e-02
 -1.3752441e-03
 -2.5783833e-02
 -3.7314240e-03
  1.6586563e-02
  3.4599014e-02
  2.8346008e-02
 -1.9458614e-02
  4.2827521e-02
  1.9411925e-02
  4.9706353e-03
 -2.1661166e-03
  3.2165017e-02
  5.6536678e-02
  2.7713047e-02
 -7.7086836e-03
 -8.4292971e-02
  1.0719962e-02
  8.7076761e-03
  2.0282981e-01
  1.2298605e-01
  1.5100949e-02
  1.7145514e-01
 -9.9315597e-03
  8.6326813e-03
  7.6464854e-02
 -1.0401872e-01
 -1.5106406e+00
  3.5517421e-02
 -2.7563882e-01
 -1.0225248e-01
 -1.0639788e-02
  3.1077150e-02
  1.8475713e-02
  9.1604674e-03
  3.7741669e-02
  2.0265913e-02
  2.9335232e-03
 -2.2345256e-02
 -2.8310097e-03
 -6.8429072e-04
  4.0700749e-02
 -1.5069407e-01
  4.5263865e-03
  5.6376080e-03
 -4.7665283e-02
  2.9477548e-02
  6.7746595e-02
 -1.1219261e-01
 -1.2252695e-02
  5.9156502e-03
 -1.0256067e-02
  4.9716469e-02
 -6.1694011e-03
  4.9530149e-02
  1.3695683e-02
  2.3343384e-02
  4.1459003e-03
  3.0229688e-02
 -1.3625407e-02
  4.5640697e-03
 -4.0083237e-02
 -1.5638738e+00
  1.9893111e-01
 -3.9651480e-01
  2.8891901e-02
 -6.8323813e-02
  2.8682711e-02
  7.1830779e-02
  2.2870045e-02
 -9.6834891e-02
 -3.7139181e-02
 -1.7181236e-01
  1.5424053e-02
  9.4232745e-03
 -8.9534000e-02
 -1.2587489e-02
 -2.9816989e-02
 -6.8886168e-02
 -6.6796780e-02
 -3.6783025e-02
 -3.2624301e-02
 -6.4234756e-02
 -1.1089655e-01
 -8.7073492e-03
 -1.1237116e-02
  2.2783727e-04
 -7.9912124e-03
  7.2018549e-02
 -6.6118546e-02
 -2.1538191e-02
 -9.1618777e-04
 -1.1634631e-01
  4.6786353e-02
  1.0378225e-02
 -2.8349498e-02
 -5.1461358e-02
 -1.2973132e+00
  3.7487572e-01
 -7.1039981e-01
  7.0122406e-02
 -2.4467165e-02
  5.3093188e-02
  8.0266986e-03
  1.0293161e-02
  7.5988464e-02
 -5.6507783e-03
 -2.5342382e-04
  3.7047645e-01
 -2.7994657e-02
 -1.1682355e-02
 -5.7934560e-03
  1.7718891e-02
 -8.1990166e-03
  3.0471716e-02
  1.2883843e-02
 -3.1764013e-01
 -3.2966956e-02
  2.1568773e-02
 -1.5429556e-03
 -4.6742968e-02
  5.5785617e-03
 -1.4896110e-01
  1.3852080e-02
 -6.3931942e-03
  2.5080178e-02
 -5.2659187e-02
 -2.0468324e-02
 -1.8492725e-02
  2.0902064e-02
  2.1022167e-02
 -5.1409304e-03
 -1.6064569e+00
  3.4508380e-01
 -3.7302548e-01
  1.9495359e-02
  3.1524785e-02
 -2.4592357e-02
 -2.7159223e-01
 -4.1764326e-02
  4.2028364e-02
 -4.2624075e-02
 -1.3323046e-02
  3.6360368e-02
  1.4159599e-01
 -4.7706366e-02
  3.0073751e-02
  1.6763151e-02
 -6.8256930e-03
 -1.5122670e-03
  3.3677500e-02
  3.0530596e-03
  2.4360609e-03
  2.0503847e-02
  9.5323347e-02
 -2.5965752e-02
 -1.7059423e-02
  5.4128249e-03
 -3.5192575e-03
 -5.6452129e-02
 -5.8816891e-02
 -9.5047988e-02
 -3.1198522e-02
 -3.5856403e-02
  4.9351089e-02
 -3.9280694e-02
 -1.4063503e-02
 -1.6424104e+00
  9.9552013e-02
 -8.0702221e-01
 -1.8331222e-02
  3.4163147e-02
 -3.8315936e-03
  7.0083295e-03
 -2.0870585e-02
 -3.2173701e-02
 -5.1389340e-02
  2.7698563e-02
  3.9123222e-02
 -5.7144195e-02
 -1.2450706e-03
 -1.2090950e-03
  2.6440814e-02
 -9.6449628e-02
 -2.3779975e-02
  3.5871133e-02
 -2.1278406e-03
 -1.4766612e-02
  2.4560645e-02
 -1.9996217e-02
  1.6600493e-01
  1.2264534e-02
 -2.9875029e-02
 -7.2418433e-03
  1.4174041e-01
 -1.7955711e-02
  1.5465619e-01
 -2.2178503e-02
 -3.6860190e-02
  1.1068659e-02
 -2.0488347e-01
  1.0712206e-01
  1.3380903e+00
 -1.4005187e-01
  2.2597252e-01
  2.7947117e-02
 -3.2472514e-02
 -7.2778359e-02
 -1.4574229e-02
  3.9177716e-02
  6.3840874e-02
 -8.0351606e-02
  6.0290787e-02
 -9.8311277e-03
  7.3620246e-04
 -5.5681609e-02
 -2.1005860e-02
  8.4190719e-02
  4.6658382e-02
  7.0537023e-02
 -7.6150648e-02
 -1.3919375e-03
 -1.0056773e-01
  4.0432066e-02
 -3.7817981e-03
  2.3626840e-02
  1.7530788e-02
  4.2837779e-03
  1.0512473e-02
  2.3443248e-02
 -1.9217141e-03
  1.3360434e-03
  2.1906668e-02
  2.7813250e-02
  7.5258394e-03
 -2.0153068e-01
 -6.8004236e-02
  1.0188023e+00
 -1.1227638e-01
  1.1815951e-01
  2.5258929e-02
 -2.3523401e-02
 -1.6239058e-02
 -6.8570703e-02
  7.8142369e-03
  4.1156471e-02
 -1.3225910e-02
 -8.7372378e-02
 -2.8992724e-02
 -1.1387080e-02
  4.2557609e-01
  4.6520989e-02
  6.1905966e-04
  1.5327327e-02
  7.7351732e-03
 -5.5636745e-02
 -2.2666909e-02
  3.3088401e-03
  8.5662808e-03
  1.4421710e-01
 -1.3477656e-02
  5.9906609e-02
 -8.9695128e-03
 -1.8462781e-02
 -4.6271197e-02
 -4.0990598e-02
 -8.5087247e-02
 -3.4765597e-02
 -5.0279979e-02
  2.0968338e-02
 -4.2024210e-02
 -5.2276310e-02
  1.5556430e+00
 -3.5254326e-01
  7.7727848e-01
  8.7480195e-02
 -3.6842495e-02
  7.9412563e-03
 -5.8283047e-03
  3.0708438e-02
  1.6845178e-02
 -1.4598974e+00
  5.6670766e-02
  6.2412005e-02
 -3.7843417e-02
 -1.9481132e-02
 -2.8015180e-02
  3.2998983e-02
 -1.1492957e-02
  4.6494707e-02
 -5.3848434e-02
 -8.9196181e-03
 -4.7930628e-02
  1.5659163e-02
 -6.8881754e-03
  2.9014030e-02
 -1.1728777e-02
 -4.4033121e-02
  1.2391880e-02
  4.0303335e-02
  3.5130471e-02
 -3.5030976e-02
  8.4912470e-03
  1.0282192e-01
  7.7379905e-02
 -5.0085109e-02
  5.3593662e-02
  1.7237966e+00
 -1.5394764e-01
  5.6149304e-01
  6.7015477e-02
 -3.4804281e-02
  1.7520994e-02
 -1.4468404e-02
 -1.0666867e-01
 -7.5058855e-02
  7.7987108e-03
 -1.5799480e-02
  5.4188017e-02
 -7.4506357e-02
  6.8023037e-03
 -7.8613274e-03
 -7.2328434e-03
  8.9740016e-02
  3.3720579e-02
  3.9131869e-02
  2.6498515e-02
  2.8611038e-02
 -2.6540792e-02
 -1.7586492e-02
 -2.1271477e-02
 -6.1936039e-03
 -8.2194559e-02
 -3.6977168e-02
  1.4582180e-02
  8.0714867e-02
 -6.5517813e-02
 -1.6176367e-02
 -1.8699568e-02
 -1.4006980e-02
 -5.3287908e-02
  4.9767200e-02
  1.1999525e+00
 -2.3143834e-01
  3.9741069e-01
  2.9432489e-02
 -1.4635418e-02
 -8.2981765e-02
 -1.4958893e-02
 -1.0894065e+00
 -6.0053725e-02
  1.3694433e-02
 -6.8224659e-03
  3.5842344e-02
  1.3722954e-02
  3.4128614e-02
 -1.6993679e-02
 -1.3110460e-02
 -1.5701260e-02
 -4.7109034e-02
 -3.2722808e-02
 -1.6779257e-02
  1.4577724e-02
 -6.8109088e-02
  7.2889075e-02
 -3.1712174e-02
  2.6821831e-02
  1.1672772e-01
  3.0272359e-02
  4.5878127e-02
  8.1697419e-02
  4.2703364e-02
  6.4497758e-03
  5.2400964e-01
 -6.3667013e-03
 -7.1877904e-02
  7.4832966e-03
  1.2196997e+00
 -2.7484834e-01
  3.2605773e-01
  7.4631974e-02
  2.9980619e-02
 -5.2885406e-02
  9.5756324e-03
  5.4566719e-02
 -4.3097187e-02
  1.1961873e-01
  3.3987422e-02
  1.3831558e-02
 -1.8969774e-02
  7.5306897e-03
  8.1346117e-02
  1.6738454e-02
  9.2031844e-02
 -1.0290699e-01
 -7.8933954e-02
  3.2413978e-02
 -6.6670448e-02
 -1.7012617e-02
 -2.6833152e-02
 -2.4748589e-03
  1.1274238e-02
 -8.3538638e-03
  2.0394541e-02
  7.6087967e-02
 -1.2406297e-02
 -2.9378206e-02
 -1.8296085e-02
  1.7890422e-01
 -2.2481272e-02
  7.4579734e-03
 -5.9499559e-03
  1.0167129e+00
 -1.9882530e-01
  2.8169256e-01
  1.8643281e-01
  7.9570681e-02
  6.8531083e-03
 -6.8706334e-02
 -1.0702776e-02
  9.1232415e-03
 -3.5962373e-02
  2.7307916e-02
 -3.2734190e-04
  1.1964114e-02
  3.0553062e-02
  4.5370530e-02
 -4.9275674e-02
 -1.1988247e-02
  3.3761060e-04
 -1.0554072e-02
 -2.2141535e-02
 -1.6340792e-02
  2.8196430e-02
  2.2551397e-02
 -4.6429910e-02
  4.6444960e-02
 -6.2413409e-02
 -6.2692431e-03
  1.9734304e-02
 -2.9480966e-02
 -2.8281689e-03
 -2.3471741e-02
  1.5708809e-01
  1.8149115e-02
 -1.3564469e-01
  3.1662133e-02
  1.2146884e+00
 -5.9787665e-02
  2.6611087e-01
  3.7849717e-02
 -3.4087606e-02
 -1.6986836e-02
 -6.2856950e-02
 -4.3452899e-03
 -1.7818160e-01
  4.0428758e-02
  4.1418727e-02
 -7.2534867e-02
 -4.6966691e-02
 -6.5274864e-02
 -9.9467315e-02
 -1.5093319e-02
 -2.5547529e-02
 -6.9949023e-02
  3.3256076e-02
  1.9976206e-02
 -3.4309407e-03
 -8.8010272e-03
  5.2942023e-02
 -1.9663451e-02
  4.4540580e-02
  3.9401591e-02
  4.2170221e-03
  1.3334821e-02
  2.7856326e-01
  2.9212399e-03
 -5.5787899e-02
  4.0015634e-02
  9.0538319e-03
 -2.2215214e-01
 -3.0788833e-01
 -1.3239669e+00
  4.8849735e-01
 -2.1740756e+00
 -3.5822012e-02
  1.1251719e-01
  5.4732196e-02
 -6.8197548e-02
  3.0512033e-02
  1.1123051e-02
 -6.5873645e-02
  3.6738355e-02
  3.0706216e-02
  4.0078077e-02
 -5.3470984e-02
 -4.0856529e-02
  4.4246209e-03
  2.8936194e-02
  9.9572744e-03
  2.7613402e-03
  1.8667854e-02
  1.1316213e-01
  1.3259928e-02
 -1.2611362e-01
 -1.4440825e-02
  3.0782565e-02
  1.3261572e-02
 -1.3235790e-02
  4.4091757e-02
  1.3982772e-02
  2.3301644e-02
  1.8127920e-02
 -3.7415149e-03
  1.5936822e-02
  1.0770601e-02
 -1.7000321e-01
 -1.5182362e+00
  2.8751999e-01
 -6.8684953e-01
  4.9984146e-02
 -4.0465187e-02
  6.7528859e-02
  1.1005801e+00
 -9.7453155e-02
 -4.4828202e-03
  6.2649764e-02
  5.4619173e-03
 -3.9522275e-02
  3.2843191e-02
  1.3284459e-02
 -7.7633522e-03
  7.6440483e-02
 -3.2366815e-03
 -5.6427731e-03
  2.8910013e-02
  1.2947677e-02
  1.1964314e-02
 -2.1706853e-02
  3.0988915e-02
 -1.0543343e-01
 -1.4529620e-02
  7.1735046e-04
 -7.6473542e-02
 -2.8335361e-02
  2.5812712e-02
 -1.4562294e-02
 -8.2383482e-03
  7.0503786e-02
  3.9555464e-02
 -8.9166033e-01
 -7.9762143e-01
  5.9188730e-01
  1.2087709e+00
 -2.2184613e+00
  1.0479200e-01
  1.5443975e-02
  1.2373584e-02
  3.3187054e-02
  6.6255838e-01
  2.0655994e-01
  3.9564375e-02
  6.7608505e-02
 -3.6423013e-01
  3.4918498e-02
  2.5842059e-02
 -2.1852264e-01
 -1.6065819e-02
 -2.8218609e-01
 -1.7404130e-02
 -4.2262830e-02
  5.5257794e-02
  3.3445306e-02
 -9.5622137e-02
 -4.2020071e-02
 -1.1165331e-01
  2.6191991e-02
 -1.4221564e-02
 -2.5416512e-02
  1.5787357e-02
  1.8940362e-03
  2.4219565e-02
  5.5422600e-02
 -9.6466720e-02
 -5.2182261e-02
 -5.8741752e-02
  4.8221771e-02
  1.5653297e+00
 -2.2323813e-01
  6.1339742e-01
  2.4076467e-02
  2.5758366e-03
  1.1686223e-03
 -7.9026982e-02
  3.2273941e-02
  4.0090933e-02
  1.6461225e-01
 -3.2699760e-02
  4.2387348e-02
  1.1580279e-01
 -3.4342118e-02
 -2.4611168e-02
 -4.5832064e-02
 -5.8580857e-02
  2.1910556e-02
  1.3578328e-01
 -4.3542404e-03
 -4.2690091e-02
 -3.2188706e-02
 -2.5611460e-02
 -1.2778287e-01
  5.9664194e-02
 -8.5028343e-02
  1.2637593e-02
  9.6194696e-01
 -1.5249392e-01
 -3.8801324e-02
  1.5112257e-01
  1.8110577e-02
 -9.9906176e-03
  2.8744502e+00
  5.1799070e-02
  1.1249322e+00
  9.7074324e-01
  4.7091264e-01
 -8.6881526e-02
 -1.0465626e+00
 -6.4373165e-01
 -3.0712540e+00
  1.5825801e-01
  5.2809570e-02
 -8.0673623e-01
 -1.9623080e-01
 -2.4811825e-01
 -6.3342854e-02
 -5.4427820e-01
 -7.9227579e-01
  1.3946407e+00
 -5.8421922e-01
  9.9900499e-02
 -1.3646536e-01
  5.2276099e-01
  1.1474401e+00
 -1.3692341e+00
  5.9327102e-01
 -2.1934013e+00
 -3.8933087e-02
  2.5714174e-02
 -1.4212267e-01
  1.2105887e-01
 -7.6691820e-03
  1.2982988e-01
  4.7434725e-02
  3.1080991e-02
 -1.5295151e-01
  3.7804425e+00
 -1.0415031e+00
 -1.4995906e+00
  1.2141730e+00
 -3.1042922e+00
 -2.6544344e+00
 -1.4249978e+00
  1.5322651e+00
  1.1084087e+00
  1.1899277e+00
  1.3678700e+00
  7.9139978e-01
 -1.1480118e+00
 -1.3760591e+00
  1.1679060e+00
  1.1247467e+00
 -1.2789862e+00
 -9.0489382e-01
  1.7083640e+00
 -7.3453569e-01
  1.5407659e+00
 -1.2133440e+00
 -9.2821366e-01
 -1.4359038e+00
 -1.2196194e+00
 -1.6131470e+00
 -2.0269537e+00
  1.3847202e+00
 -1.3151064e+00
  1.0282758e+00
 -7.5703406e-01
 -1.4847491e+00
  2.9878193e-01
  9.8918825e-01
 -9.3877155e-01
 -1.4196603e+00
  1.2763894e+00
  1.1451111e+00
  3.1013658e+00
  1.2817216e+00
 -8.8262111e-01
  1.2245126e+00
 -1.2957042e+00
 -1.3471487e+00
 -1.4883114e+00
 -1.0555730e+00
 -1.3583713e+00
  1.4556299e+00
  1.4814216e+00
  9.3112612e-01
  7.0133173e-01
  1.3190027e+00
  1.3734720e+00
  2.1579576e+00
  1.7078266e+00
  5.9202659e-01
 -9.0843076e-01
 -1.2919159e+00
  1.3274571e+00
 -9.3841928e-01
  1.6698792e+00
 -1.4736940e+00
 -1.8758692e+00
  1.4833877e+00
  2.6797009e-01
 -2.4564227e-01
 -4.9562736e+00
  1.7141658e+00
  8.5385734e-01
  1.6241938e+00
  1.3598796e+00
 -1.3430390e+00
 -5.1347655e-01
 -1.0935426e+00
  9.7106135e-01
  1.0619650e+00
 -1.4843212e+00
 -3.0588052e+00
  1.5268326e+00
 -6.4563930e-01
  2.9912133e+00
 -1.3542744e+00
 -7.5274259e-01
 -1.5441098e+00
 -1.0759326e+00
 -4.0078287e+00
 -8.1942165e-01
  1.3186029e+00
 -1.1349909e+00
  7.5199515e-01
 -4.0947562e-01
 -2.9511046e+00
 -3.4178033e-01
  1.3567795e+00
 -5.4238868e-01
 -2.0779791e+00
  2.5996015e+00
  2.2596477e-01
  1.8527951e+00
  8.7414527e-01
 -2.9518695e+00
  3.4570071e-01
 -1.3567050e+00
 -2.9079070e+00
 -3.1177914e+00
 -1.5115576e+00
 -4.6616688e+00
  1.4485838e+00
  6.3298547e-01
  2.0301256e+00
  8.7467200e-01
  9.3548596e-01
  1.2950410e+00
  2.4909246e+00
  1.5663329e+00
 -1.1407022e+00
 -1.2409234e+00
 -1.2354149e+00
  3.3880694e+00
 -3.5264716e-01
 -2.0383222e-01
  4.0399633e-02
 -1.2827574e-01
  1.6555889e+00
 -9.9351682e-02
 -1.4754836e-02
  1.7288049e-01
  2.8226735e-02
  1.4101113e-02
 -2.3349509e+00
 -4.1862801e-02
  2.8458223e-02
 -2.7657159e-02
 -9.3513153e-02
 -2.9712766e-02
 -3.7113149e-02
 -1.4780326e-01
 -2.6063012e-02
  6.3419513e-02
 -1.3231573e-01
 -9.2807971e-02
 -7.9911791e-02
  2.0452812e-01
  2.2819687e-02
 -1.8659286e-02
  3.9490156e-02
 -2.2112757e-01
 -1.4902838e-02
 -4.4992683e-03
 -5.8654152e-02
  1.5642336e-02
  1.0786996e-01
 -2.2709014e-01
  1.0445825e-04
  3.1435214e-02
 -6.9017452e-01
  7.0002392e-02
  1.8293405e-02
  2.3198175e+00
 -5.6108106e-02
 -6.0589731e-02
  1.0025510e-02
 -2.2762513e-03
  4.1277804e-03
  8.9641698e-03
  5.4012850e-02
 -2.8084083e+00
  1.3888191e-01
 -9.9818185e-03
  3.2004956e-02
 -8.9990180e-03
  3.5304662e-02
 -4.1328389e-03
 -4.5514196e-02
  9.4809826e-04
  7.2752126e-03
 -5.1361896e-02
  1.5629936e-02
 -5.4739617e-02
  7.4514300e-02
 -2.5631575e-02
 -8.2163095e-02
  1.1632226e-02
  2.3363536e-02
 -7.5857438e-02
  2.2891505e-02
 -1.7053890e-03
 -7.2052002e-02
 -2.1125548e-02
  3.9648388e-02
  4.3593472e-01
  3.7918791e-02
 -7.6935187e-02
 -1.2844055e+00
  1.5088754e-03
 -5.1503410e-03
  1.3223925e-01
  7.6930639e-03
 -3.5794146e-02
 -1.2779172e-01
  4.3958962e-02
  8.0626812e-03
 -5.3867325e-02
 -6.1503313e-03
 -1.9630110e-02
 -6.9810301e-02
 -7.7552117e-02
 -1.0799734e-01
 -1.5321547e-02
  1.4953552e-01
 -1.7645641e-01
 -8.0744579e-02
 -3.6461467e-01
 -1.3195999e-01
 -8.4671423e-02
  2.1482855e-02
  7.2068401e-02
  8.5776314e-02
 -5.3068697e-03
 -2.3880666e-01
 -1.1385588e-02
 -5.5675615e-02
  1.3682426e-02
 -3.6518615e-02
 -1.0735294e-02
 -2.8123584e-01
  1.1422356e-01
  3.3555022e-01
  7.9714352e-01
  2.3075065e-02
 -1.0786395e-01
  1.1250724e-02
  4.3214370e-02
  7.8006065e-03
 -8.4870972e-02
  1.7638123e-01
  6.0680691e-02
  1.9508953e-01
 -2.7475782e-02
  4.2649396e-02
 -1.1082577e-01
  8.4645152e-03
  7.6228984e-02
  3.8919527e-02
 -4.7978539e-02
  3.3280808e-02
  7.3285095e-02
 -9.4900113e-03
  3.8961537e-02
 -4.7335919e-02
 -8.5258573e-02
 -6.6500932e-02
  1.8627679e-02
  7.8106917e-02
  9.9924549e-02
 -5.3608023e-02
  1.0636494e-01
 -8.8433713e-02
  3.2744907e-02
 -2.0098926e-01
  4.5563915e-01
 -4.1374743e-02
 -9.1053802e-01
  3.1637460e-02
 -1.1316121e-01
  3.0408093e-01
 -1.1459939e-02
  5.8629587e-02
 -8.0376035e-03
  8.5148031e-01
  1.4632651e-01
 -5.0434774e-01
 -1.1688963e-01
 -9.7256839e-01
  8.2006419e-01
  4.4169140e-01
  8.0490357e-01
 -1.4583188e+00
 -8.0832177e-01
 -3.8827997e-01
  5.4253620e-01
 -8.7405695e-03
 -1.0801162e-01
  1.5829953e+00
  3.7287894e-01
 -3.4503516e-02
  4.5985341e-02
 -2.4752027e-01
 -1.3822269e-01
  1.0271128e+00
  8.6531647e-02
  3.1578574e-01
 -1.0992955e-01
  3.5093755e-02
 -3.2786038e-02
  2.7817361e+00
 -3.0029638e+00
 -1.8194005e+00
  1.4895884e+00
  1.2111299e+00
  5.9429365e-01
  4.5239815e-01
 -1.5843700e-01
 -2.7212119e-01
  7.8934276e-01
  4.1914472e-01
  1.1289071e-01
 -3.0342224e-01
 -1.5868885e-02
 -1.4639577e+00
 -3.8158022e-02
 -1.2801801e-02
 -1.0615768e+00
  2.2661020e-01
 -3.1739458e-01
  3.0778664e-01
  3.1156430e-03
 -4.4817813e-02
 -1.6436516e+00
  1.5153189e-01
 -1.4812429e-02
 -3.5722384e-03
 -2.5276715e-02
 -1.2168279e-01
  2.2687113e-02
  3.4781322e-03
 -9.3262345e-03
 -1.3756804e-02
 -3.2495864e-02
 -4.7188956e-02
  3.9730212e-01
 -9.1444306e-02
  5.0330270e-02
 -9.7210890e-01
  1.5381102e-01
  1.3139477e-01
 -1.8796092e-02
 -1.3076867e-01
  2.0367458e-02
  3.4459680e-02
 -2.4361476e-02
  3.6422957e-02
 -4.3605022e-02
 -3.3726901e-02
  6.4086929e-02
 -7.2282374e-01
 -3.2630797e-02
 -1.4237033e-01
  1.5550807e-02
 -9.4561707e-03
  1.8731002e-02
  5.7376627e-02
  7.0355706e-02
  2.7735583e-03
 -1.1049663e-01
  5.8368598e-03
  1.3697914e-02
 -8.1456387e-03
  1.3032671e-02
  3.0557305e-02
  4.9159240e-02
 -4.0584508e-02
 -2.0945312e-02
 -6.7365564e-02
 -2.6713609e-04
  2.4477487e+00
 -1.9087464e+00
 -2.7976677e-01
  1.1994700e+00
  3.5366592e+00
  2.0670450e-01
  2.6033428e-01
 -4.7740426e-02
  6.4251900e-01
 -7.5406224e-02
  1.4590195e-01
  6.3225168e-01
 -1.7399710e-01
 -4.5679244e-01
 -1.2496442e+00
  5.3070754e-01
  3.3670291e-02
 -8.4612322e-01
 -6.2590575e-01
 -1.1607113e-01
  2.8102040e-01
  4.5433801e-02
 -4.3878937e-01
 -1.1368830e+00
 -8.4752107e-01
  4.4024121e-02
  3.4260023e-02
  4.9836284e-01
  1.8519944e-02
  2.8847867e-01
 -2.8720265e-02
  8.9100361e-02
  3.4296945e-02
 -4.5852512e-03
 -8.0913633e-02
 -2.7336180e-01
  9.2324205e-02
  5.6039549e-02
  6.7687720e-01
  4.9112928e-03
 -3.5217311e-02
 -1.0022476e-01
  1.2892517e-02
  8.8862635e-02
  1.1560312e-02
 -4.2919353e-02
 -2.9021870e-02
  1.3135374e-01
  2.0065671e-02
 -2.8543867e-02
 -1.0167173e-01
  1.1724101e-02
 -4.7106873e-03
  4.3211721e-02
  1.4088453e-02
 -1.8844254e-02
  9.7217381e-02
  1.9069398e-02
  5.5232681e-03
  5.4184608e-02
  3.4724355e-02
 -2.4571000e-02
 -7.3595211e-02
 -4.0179968e-02
 -7.1292207e-02
  2.7266663e-02
  2.8440367e-02
  5.5815704e-02
  6.8043843e-02
  6.7873062e-03
 -2.6427524e+00
  5.1852405e-02
 -4.3872490e+00
 -6.1203635e-01
  8.2135007e-02
 -1.6198829e-02
 -2.0185214e-02
  1.2087061e-02
  2.7114606e-02
 -1.5480608e-02
  7.4866511e-02
  6.2534348e-03
 -2.2060160e-01
  7.2811365e-02
  2.8020110e-02
 -6.5796822e-01
  3.5619412e-02
 -4.3317946e-03
  4.7365963e-02
 -4.2175565e-02
 -3.7533052e-02
 -8.4599797e-03
  2.4409804e-01
 -3.9366413e-02
 -4.1507270e-02
 -5.7621002e-02
 -1.2730786e-01
  1.1682332e-01
 -7.3408866e-03
  6.3855663e-02
 -3.5604406e-03
  1.7444363e-01
  2.5538842e-03
  2.2066316e-02
  2.3796659e-02
  4.4187641e-01
  1.5605652e-01
 -9.5069312e-02
 -1.6842088e+00
  4.8370184e-03
  9.3615018e-03
 -4.4806425e-02
 -1.5785078e-02
  1.6005365e-02
 -2.6130009e-02
 -3.2105308e-02
  1.9781783e-02
 -4.8748240e-02
 -1.0085988e-02
 -1.6741699e-02
  1.0197104e-02
  2.7925761e-03
  3.0654090e-02
 -5.1986940e-02
 -4.6800829e-02
 -3.9702833e-02
  9.1217263e-03
 -1.9958865e-02
 -2.7172839e-02
 -7.8268275e-02
  6.9269583e-02
  8.2928156e-03
 -6.9699660e-02
  3.0233491e-02
 -4.7155656e-02
  1.0501470e-01
 -5.1075695e-03
  8.2677431e-02
 -6.8235643e-02
  1.7163639e-01
 -1.8922666e-01
  6.6209376e-02
  7.1118377e-02
  1.4050356e+00
  5.4020220e-03
 -2.7274942e-02
 -2.3158010e-02
  2.0703170e-03
 -5.5690319e-03
  1.4688546e-02
 -1.8807771e-02
 -7.5425588e-02
  4.6286203e-02
  1.0003165e-01
 -2.1436183e-02
  4.2339262e-02
 -8.2895227e-02
  4.2107116e-02
  1.7874294e-03
  1.2719973e-02
  1.6747339e-02
  8.4552750e-02
  2.2125335e-01
  1.0286471e-01
  3.1228295e-02
 -1.2030829e-02
  1.7535795e-01
  5.5536874e-02
  3.5984230e-03
 -1.4737949e-01
 -6.1339747e-02
  3.6496777e-02
 -6.7086861e-02
 -7.7543915e-03
 -4.0714014e-02
 -2.2919056e-01
 -1.5431772e-03
  1.1562362e-01
  1.7163404e+00
  4.9042668e-02
  1.5245322e-02
  3.3821624e-02
 -1.9031103e-03
 -1.6990643e-02
  3.1793840e-02
 -3.3902865e-02
  1.0333419e-02
  1.6087200e-01
  1.3839804e-01
 -6.8004996e-02
 -3.6931332e-02
 -2.5783811e-02
  5.5064004e-02
 -1.1048003e-01
  9.9724149e-03
 -4.9594391e-02
  5.1416475e-02
 -5.3001784e-02
  3.0472778e-02
  2.8985935e-01
 -3.4340773e-02
 -5.1964436e-02
 -3.2165337e-02
  3.5704281e-02
  4.2096257e-02
 -2.0307362e-02
 -1.0498168e-01
 -2.3267624e+00
  5.2706036e-03
 -1.8580724e-02
  2.0579153e-01
 -6.9512450e-03
 -4.2521521e-02
 -1.5605414e+00
  7.7193372e-02
 -2.1237539e-02
 -9.0908088e-02
 -2.0515978e-02
  5.2205138e-03
  9.2717737e-02
  2.1402493e-02
  5.5870503e-02
  2.1681711e-02
 -5.3721704e-02
 -8.9387357e-02
  5.6119268e-03
  2.2554066e-02
  1.3513213e+00
  1.3969798e-03
 -1.2628703e-01
  4.8996840e-02
  1.1744992e-02
 -1.9979484e-02
  7.6667881e-03
 -3.5636526e-02
 -4.9020123e-02
 -5.7017743e-03
  5.4736894e-02
 -1.0149806e-02
 -1.1178749e-02
  5.3626273e-02
 -3.5801427e-03
  1.8695395e-02
  5.1065024e-02
 -3.0660387e-02
 -2.8868217e-02
  1.0583879e-01
  8.4064409e-02
  1.5756983e+00
 -1.4806198e-01
  6.3544162e-02
 -4.6560954e-02
  6.7309521e-02
  1.6267961e-02
  4.2383429e-03
  3.4938499e-02
 -1.9064797e-02
 -3.9176592e-03
 -2.6165249e-02
 -2.1609336e-02
 -7.8170616e-03
 -2.3771504e-02
 -3.3146914e-02
 -3.9732266e-02
  6.6222385e-02
  1.5134889e-01
  8.0579974e-02
 -4.0231697e-02
 -2.8599158e-02
 -8.5630402e-02
 -6.3783124e-02
  9.7354330e-02
 -8.1628449e-02
  1.8595245e-02
  1.5850879e+00
  6.0363282e-02
 -4.6229772e-02
 -3.3477228e-02
  6.2500596e-02
 -5.1401537e-02
 -4.0139663e-01
  6.7821041e-02
  1.8244432e-01
  9.9010032e-01
  5.6676321e-02
  2.1723857e-02
 -5.3285379e-03
  9.6090436e-03
  1.1776872e-02
  1.3230062e-03
 -6.2671620e-03
  1.5344219e-02
  2.6697699e-02
  9.4216995e-02
  5.4597680e-02
 -8.1114210e-03
 -3.6613941e-02
  6.8577908e-02
  2.4185797e-02
  7.9750597e-02
  4.3888759e-02
  7.8985217e-04
 -2.2696646e-02
 -7.8676250e-03
  1.5756102e-02
 -1.7067017e-02
 -5.1734392e-02
 -8.2779668e-02
  5.6273002e-02
  1.5153323e-02
  8.0300480e-02
  1.5470128e-01
 -1.4030257e-01
  1.0631862e-02
  6.1249666e-02
 -3.5937178e-01
 -1.8919222e-02
  1.9676264e-01
  1.4205925e+00
  9.8884296e-01
 -3.7327643e-02
 -1.0812530e-01
  8.4296137e-02
  3.0570386e-03
 -7.9410024e-02
  5.5221628e-02
  8.2162388e-02
  5.9958473e-03
  4.7981146e-01
 -1.1067084e-02
  3.2581810e-02
 -4.4923238e-02
 -6.9401138e-02
 -2.5660351e-02
 -1.2553977e-02
 -9.7034961e-02
 -1.2575381e-02
  1.1489287e-02
 -1.4796317e-02
  1.9681861e+00
  3.7854850e-02
 -1.4050607e-01
  7.1650423e-02
 -2.1101233e-02
  3.6455579e-02
 -1.1250866e-03
  1.6630152e-02
  8.4337577e-02
  1.0491505e-01
  5.2169051e-02
  3.5630774e-01
 -3.8180873e-02
 -1.2614311e-01
 -1.4877737e+00
  1.6625427e-02
  2.8221838e-02
 -2.5980836e-02
 -1.7266216e-02
  4.3370146e-03
  6.6447757e-02
 -8.0186643e-02
  7.7913672e-02
 -2.4621116e-02
 -1.0300073e-01
  8.9025043e-02
  2.6644024e-03
  1.7287515e-01
  9.4892703e-02
 -4.1104876e-03
 -5.2467037e-02
  1.5035477e-02
 -8.5298074e-03
 -1.4708683e-01
 -2.5965933e-02
 -7.0247941e-02
  6.3681610e-02
  5.6994110e-02
 -9.6945927e-02
 -1.1815710e-01
 -4.2089138e-02
 -4.2782914e-02
 -1.4321451e+00
  3.6853570e-02
  5.1817827e-02
  6.8507835e-02
  9.0050334e-01
 -1.0628379e-01
 -1.2703513e-01
 -1.6261944e+00
 -3.4595046e-02
  9.4843404e-03
  3.3206493e-02
 -1.9447511e-02
  3.4048054e-02
 -7.4763484e-03
  6.6329062e-02
 -5.7937309e-02
 -6.1185233e-02
 -2.7782656e-02
  1.9833155e-02
 -5.6119692e-02
 -4.9604591e-02
 -5.4936647e-02
  2.5174424e-02
 -1.0373376e-01
 -6.4387776e-02
 -1.2612763e-02
 -1.6856791e-01
  1.2848795e-02
  1.7839344e-02
 -2.9886043e-02
 -7.3578782e-02
  5.4985695e-03
  1.7270051e-02
  6.3645683e-02
 -2.0119734e-02
 -7.9747684e-02
 -1.3694897e-01
 -7.1413051e-03
 -3.2096099e-02
  4.1419730e-01
  1.9083787e-02
  5.2429918e-02
 -1.4539093e+00
  8.0552466e-02
 -6.1046243e-02
  1.8799497e-01
  4.5910217e-03
  1.3683735e-02
  1.6906422e-02
  1.2677276e+00
  2.3508901e-03
  2.0443719e-02
 -3.1861752e-02
 -3.7826486e-02
  4.0065158e-02
  2.8600359e-02
 -1.9123909e-01
  1.1433404e-01
  4.5995142e-02
  2.4390910e-02
  5.5092800e-04
 -4.3760295e-04
 -1.8856293e-02
 -1.5865209e-02
  1.6860502e-02
 -6.7084869e-03
  6.0438220e-03
  4.1867938e-02
  1.6107799e-01
 -1.1492859e-01
  4.5933430e-03
 -1.1503089e-02
  7.4908328e-03
 -4.9100656e-02
  6.4180219e-01
 -4.5121282e-02
 -5.8654487e-02
 -1.8430110e+00
  4.1420504e-02
 -2.7418757e-02
 -5.0231032e-02
 -6.9897934e-03
 -4.7860768e-02
  6.6475458e-02
 -4.8951931e-02
  8.1860393e-02
  7.7533647e-03
  1.9431650e-03
  2.2028256e-02
 -3.3792770e-03
 -3.0633846e-02
 -9.9696472e-02
 -2.4162839e-01
 -1.1672832e-02
  2.1300277e-02
  9.5070958e-05
  1.6814237e-02
  1.5389336e-02
 -4.7151819e-02
  1.3207218e-01
 -6.4501837e-02
  1.6877063e-02
  8.3160713e-02
 -5.7696968e-02
  3.7119461e-03
  2.3181861e-02
 -3.5111863e-02
  1.0014175e-02
  1.0869529e-02
 -2.4999576e+00
 -4.1997828e+00
 -3.3834096e-02
 -6.6055936e-01
 -3.3875537e+00
 -1.2268572e-01
 -3.4638416e-02
  2.7423173e-01
  5.6598353e-01
  5.0611055e-01
 -4.9974710e-01
 -3.2235578e-02
  3.4534842e-01
 -7.2119069e-01
 -4.5187470e-02
 -6.7980416e-02
 -8.5247099e-02
  2.3353763e-01
 -9.6717894e-02
 -4.6816039e-01
  3.5622567e-02
 -1.1783458e-01
  2.3893526e-01
 -1.1306096e-02
 -3.2693550e-01
  4.0403429e-02
 -1.2904633e-02
  2.1393327e-03
 -6.1916769e-02
  2.5074467e-02
 -1.4986036e-02
 -1.1042640e-02
 -2.9795593e-02
  1.9940402e-02
  2.6428686e-02
 -1.5109821e-01
  2.1267395e-02
  7.5021289e-02
  1.3172615e+00
  1.4374206e-02
 -7.6837726e-02
 -1.1276655e-01
 -2.5343788e-03
 -1.3305874e-02
 -9.2526191e-01
  9.1946386e-02
 -2.3613008e-02
  8.1570245e-02
 -9.5758950e-03
 -2.0244621e-02
  9.0252772e-02
 -1.6085969e-02
  1.2022054e-02
  4.8611261e-02
 -8.0710709e-02
 -3.2164887e-02
 -3.8563550e-02
  3.6833801e-03
 -1.2679772e-01
  2.0927185e-01
 -2.3358345e-02
  1.1609149e+00
 -3.0188232e-03
 -1.3289404e-01
  3.2838836e-02
 -4.9203403e-02
 -9.9362787e-03
 -1.2697640e-02
 -1.0137326e-01
 -3.5828792e-02
 -1.4174576e-01
  1.0153621e-01
  3.1923413e-01
  1.9940221e+00
  1.1641539e-01
 -1.7136235e-02
 -2.9707501e-02
  3.0065993e-02
 -2.2311201e-02
 -1.8981684e-02
  4.5413803e-02
  3.2270712e-01
 -9.1133207e-02
 -1.7916732e-02
 -1.1180670e-01
 -1.5797183e-02
  1.8104861e-02
  1.2859941e-01
 -5.3817753e-02
  4.2525526e-02
  1.1782251e-01
 -8.5512698e-01
 -1.0906822e-02
 -3.1236438e-02
 -2.5514623e-03
  7.3976880e-03
 -6.6644102e-02
 -2.2611322e-02
  9.1544010e-02
  2.2545626e-02
  1.5357159e-01
 -3.7162565e-02
 -7.3369592e-02
 -4.9191918e-03
  7.0996664e-02
 -3.7712139e-01
  3.1510182e-02
  1.6675102e-02
  1.9729203e+00
 -2.1361033e-02
 -1.4481182e-01
  4.3683883e-02
 -3.3908159e-02
 -4.0846650e-02
  5.1193897e-02
 -1.3902898e-01
 -6.1790064e-02
  5.4091554e-02
  4.3100141e-02
  3.8345203e-02
 -9.2674293e-02
  2.8099030e-02
  3.9722368e-02
 -1.6381973e-02
  1.6737372e-02
  1.1870778e-01
  1.5653753e-01
  4.1421678e-02
  1.7775432e-03
  7.6649643e-02
 -1.9448522e-02
  3.1137731e-02
 -2.5934616e-01
 -1.6871142e-01
  1.4017564e-01
  5.0362870e-03
 -2.7233813e-02
  1.0269015e-03
 -1.5686519e-02
  5.1485812e-03
  3.9229521e-01
  5.5266876e-02
 -2.0045815e-02
 -1.4857883e+00
 -3.5844300e-02
  6.7380629e-02
  2.1385124e-02
 -4.3936852e-02
 -5.4948729e-02
  2.3277678e-05
 -8.4103882e-02
  3.1939181e-03
  2.6354948e-01
  5.0110002e-03
 -2.1554310e-02
  5.0783791e-02
  1.3749609e-02
 -5.7916671e-02
  2.4212368e-02
 -8.6448602e-03
  3.2125942e-03
 -3.5553474e-02
 -5.7159280e-03
 -1.4285306e-02
 -1.2407861e-02
  2.2118475e-02
  2.2893427e-02
  1.4549136e-01
  2.4506594e-01
  3.7024089e-03
 -6.9838807e-02
  3.1406207e-03
 -2.8009599e-01
  4.8514217e-02
 -7.6049477e-02
 -1.0292370e+00
 -3.7414832e+00
 -2.0311494e+00
  7.4049574e-01
  1.8893497e+00
  9.2797987e-02
  3.8183056e-02
 -8.3205856e-02
 -5.6984149e-02
 -1.3186191e-01
 -3.8879088e-04
 -5.6653893e-01
 -4.9551059e-02
  5.0655949e-01
 -1.3181427e-02
  7.0474349e-02
  1.0621970e-01
 -1.3976267e-01
 -2.3612241e-01
 -1.4949510e-01
 -5.1487334e-02
  1.2474929e-01
 -1.0061085e-01
 -2.2277619e-01
 -2.1012614e-02
 -1.5052893e-03
 -8.6442798e-02
  3.6057092e-02
  5.5536654e-02
 -4.3393284e-02
  1.3856353e-01
  6.6330814e-01
  1.8437216e-02
  5.9860590e-04
  1.4150720e-02
 -8.8939768e-01
 -9.2392787e-02
 -4.8538160e-02
 -1.7721003e+00
  4.6977233e-03
 -3.4250019e-03
  8.7709643e-02
 -6.3442349e-02
  1.1382923e-01
 -9.2428928e-04
 -1.5554888e-02
  1.2672976e-01
 -1.8397088e-03
 -9.2763871e-02
  1.8732314e+00
  5.8376223e-02
  6.1593801e-02
  8.8086963e-02
  2.0552976e-02
 -5.8165211e-02
 -5.5179827e-02
  3.9374657e-02
 -1.8157730e-01
  7.1963027e-02
  3.1138649e-02
  2.5424140e-04
 -6.0554016e-02
 -3.7288338e-02
  7.2486386e-02
 -7.0101903e-03
 -4.0343627e-03
  5.9499808e-02
 -2.9259656e-02
 -7.5741664e-02
 -2.5232436e-02
  2.2757572e-01
 -3.0153987e-03
 -1.0963630e-01
 -1.0389767e+00
  9.8230749e-02
  3.3598889e-02
  2.6744846e-02
 -8.6323611e-02
 -7.1583822e-02
  1.4496556e-02
 -6.9262706e-02
  9.9512292e-03
 -1.6636163e-02
  6.4430878e-02
  1.0177577e-01
  6.2494632e-02
 -2.7582482e-03
  9.4743108e-04
 -1.8540049e-02
 -4.2311631e-02
  2.4385409e-02
  7.3136970e-02
 -9.1991000e-02
 -6.1074775e-03
 -1.0263319e-01
  8.5317433e-02
  1.0015041e-02
 -2.2457490e-02
 -4.7835406e-02
  1.5556904e-02
 -5.5303047e-03
 -1.2053024e-02
 -1.4110501e-01
 -2.0199330e-01
  3.6025062e-02
  5.6785334e-02
 -4.6203926e-02
 -6.1887417e-02
 -1.4219851e+00
  5.5475044e-01
 -1.5922420e-02
  1.6113080e-01
 -1.2498380e-01
 -2.5358981e-02
 -4.8626419e-03
  2.3657555e-02
 -2.2702560e-02
 -7.2840564e-02
  1.3080083e-03
  1.4537236e-01
  8.4165866e-03
 -5.9725113e-02
  1.0490069e-03
 -8.2416441e-03
 -1.4412633e-02
  6.1680328e-02
 -1.8509801e-02
 -3.0196296e-02
 -2.0356728e-02
 -7.9595856e-03
 -5.8224639e-03
 -5.1653780e-02
 -8.0774255e-02
  1.1218998e-02
  1.1973456e-02
  2.9843945e-02
  6.8170354e-02
 -5.6784306e-02
 -5.4689057e-02
 -1.7725138e-02
  5.7785124e-01
  2.3389412e-02
  5.0309066e-02
 -1.3632106e+00
  2.7526816e-02
  7.4772760e-02
 -9.2850678e-04
  2.2092002e-02
  5.6275357e-03
 -3.5428464e-02
  1.9809641e-02
 -7.2348937e-03
  2.9450014e-02
 -1.7917971e-01
  8.1367269e-03
  2.2526218e-02
  2.5113773e-02
 -1.2528679e-02
 -5.2556369e-02
  1.2593448e-01
 -2.3715194e-02
 -4.3614775e-02
  6.0065901e-03
  9.6181175e-03
 -1.0133325e-01
  7.0374180e-03
  1.0225469e-02
  9.0476856e-02
  3.2117885e-02
 -7.2418936e-02
 -1.3151877e-01
  5.0958684e-03
  1.8980232e-03
 -1.0613722e-01
  2.9684804e-02
  1.5638809e-01
 -2.5184152e-01
 -4.4378467e-02
 -1.7442368e+00
  2.5234023e-01
 -7.5598102e-04
  1.8343084e-02
  2.3043467e-02
 -1.8192742e-02
  6.3729081e-03
  7.9727523e-02
  3.0088825e-03
 -5.0155941e-02
  5.3585868e-02
  9.6953496e-02
 -1.5966734e-02
  9.4455101e-02
 -3.7642006e-02
  7.9009505e-03
 -5.1827691e-03
  1.1262606e-03
  3.1921130e-02
 -7.2375380e-02
 -4.9218506e-01
 -4.3229148e-02
  1.2358779e-02
 -4.0329918e-02
 -1.0499965e-01
  1.6296444e-02
  2.0927545e-02
 -7.6941676e-02
 -7.1735747e-02
 -4.6310559e-02
 -1.1182392e-01
 -1.3617380e-01
  3.2452077e-01
 -1.3292713e-01
 -4.1391898e-02
 -1.2696652e+00
 -5.1216658e-02
 -3.5152808e-02
  9.6013241e-02
  1.9502468e-02
 -1.4426425e-02
 -1.7716097e-02
 -1.5092568e-02
  1.5270826e+00
 -8.5139953e-02
  2.6108131e-02
  9.6407548e-02
  5.3483717e-02
  7.2387755e-02
 -1.8877359e-01
 -1.3320005e-01
 -7.0839740e-02
  1.0879781e-02
  5.0273221e-02
 -5.2407343e-02
  1.1586061e-03
  2.0940553e-02
  6.4156670e-03
 -1.3581024e-01
  1.2783484e-01
  6.6242591e-02
 -8.1657870e-03
  7.0065543e-02
  5.5236939e-02
 -4.7692648e-04
  2.9052615e-02
  7.6126002e-02
  2.6375636e-01
 -3.7471044e-01
 -7.8246035e-02
 -1.7422595e+00
 -8.9117261e-03
 -1.5360548e-02
 -1.7570540e-02
 -1.2810658e-01
 -2.1943504e-03
 -1.1258609e-02
 -5.1325545e-02
  1.7570125e-02
  1.3905580e-01
 -2.1759613e-01
 -5.6427233e-03
 -4.6781078e-02
 -3.4799032e-02
  2.9039625e-02
 -8.4912971e-02
 -5.5127483e-02
  2.3772383e-02
  8.8595271e-02
 -1.5946896e-01
  7.9103433e-02
  3.3110756e-02
 -1.2396554e-01
  6.1842421e-04
 -1.1116213e-01
  2.8550295e-02
 -8.1764616e-02
 -5.3571884e-02
  9.6481562e-02
 -6.8814352e-02
 -2.1272209e-02
  2.6957502e-03
  1.6795056e-01
  7.2955354e-03
 -2.4176952e-01
 -5.9208149e-01
  3.7262943e-02
 -1.0231441e-02
 -4.6383444e-02
  5.7933824e-03
  8.3127126e-02
 -4.2071857e-02
 -2.6116261e-02
  5.8384137e-03
 -1.2633124e-01
 -2.0993182e-02
  1.0302585e-02
  6.6500239e-02
 -2.5398919e-02
 -1.6033031e-01
  2.3513723e-02
  3.9504925e-03
 -1.1638096e-02
  1.2179009e-02
 -4.6327986e-02
 -4.9318088e-04
  3.2316917e-04
 -1.3153550e-01
  4.0347587e-02
  1.6289693e-03
 -7.7420073e-03
 -6.7509778e-02
  1.0476890e-02
  1.7029224e-02
  8.6360142e-02
 -1.8252613e-01
 -4.2296767e-02
 -1.5712947e-01
 -2.0563745e+00
  1.4566228e+00
 -1.2336248e+00
  1.4114701e+00
 -1.2428685e-02
 -1.1118674e-01
 -1.1186636e-01
 -1.7407954e-01
 -1.0018803e-01
 -6.6673756e-03
 -2.6590374e-01
 -4.2855880e-01
 -4.7597855e-02
  5.8972288e-02
  6.1336748e-02
 -2.6469851e-02
 -7.9639602e-01
 -1.7520549e-02
 -1.1793667e-01
 -2.0596314e-02
 -7.6372981e-02
 -5.0350434e-01
  8.4710261e-03
 -8.5956618e-02
 -3.9577257e-02
 -5.3890288e-02
 -1.0026941e-01
  2.4997929e-02
  3.9168108e-02
 -5.4092854e-02
  3.2519881e-02
  1.7512572e-01
  1.6297277e-02
 -3.6502369e-02
 -6.4827484e-01
  6.0763743e-02
 -8.9697540e-01
 -5.7104629e-01
  3.9816755e-01
  1.0177062e-01
  7.0218110e-01
  3.3312226e-03
  9.5942140e-01
  2.2503264e-01
  1.0748161e-01
  2.5612384e-01
  7.0965931e-02
  2.1465383e+00
 -3.3265683e-01
  9.3756549e-02
  3.0599198e-01
  2.1651720e-01
  8.0236331e-02
  1.4689068e-01
  2.8470322e-01
  3.4903833e-01
  2.4878851e-01
 -4.1654967e-02
  3.0100125e-01
 -2.9098287e-02
  7.6689914e-02
  4.9322605e-02
  7.2466694e-02
  4.5839310e-02
  2.4344608e-02
  9.0202115e-02
  1.8068302e-02
  2.9100838e-01
 -1.4157641e-01
  4.2003837e-01
 -6.2630296e-02
 -1.0892472e-01
  2.6511624e-01
  8.7882496e-02
 -2.0734571e-02
 -1.7690511e-02
  8.0469996e-02
  1.1282113e-01
  1.2612376e-01
 -2.0012485e-02
  2.4657240e+00
 -8.7995864e-03
  1.7479151e-01
 -3.9334939e-04
 -8.3188582e-03
 -1.0534342e-01
 -4.5831688e-02
  3.9014701e-02
 -7.1703160e-01
 -3.6911860e-02
  5.3674135e-02
 -1.0789144e-03
 -3.5844710e-02
  1.1880084e-02
 -7.1503364e-02
  1.9641525e-01
 -3.3400975e-02
 -6.6315788e-03
  8.2875066e-02
  9.4274990e-03
 -2.4230782e-02
  1.0682791e-02
  5.2477665e-02
 -7.8953631e-02
  1.9070056e-01
 -4.2800912e-01
 -1.5317037e+00
 -6.0699109e-02
 -7.6094002e-01
  8.8066858e-01
  5.6365275e-01
 -2.4905832e-01
 -3.4754932e-01
 -7.7874094e-01
  1.0532258e+00
  5.1015365e-01
 -4.4173005e-01
  1.2351117e-03
  1.8749297e-01
  9.4123572e-01
  5.8821894e-02
  1.4713153e+00
 -4.4493228e-01
  6.7978460e-01
  5.5082130e-01
  8.0418998e-01
 -1.1006621e-01
 -6.0461646e-01
 -2.4524691e-02
 -7.3381208e-02
 -1.7293592e-01
  9.3316361e-03
 -9.2415987e-03
 -1.9713122e+00
 -2.5185773e-02
 -1.0933630e-02
 -7.4521363e-02
 -8.7742886e-04
 -1.9740703e-02
 -1.1305934e-01
  1.4862695e-01
  7.8530118e-02
  1.3341545e+00
  6.4069092e-02
 -8.8038100e-03
 -3.6278781e-02
  2.3080048e-01
  2.5726641e-03
  3.9047103e-02
  5.2440120e-03
  1.1071969e-01
  1.1562876e-01
 -1.0788353e-02
  2.1062094e-01
  6.9334760e-02
 -9.6627939e-03
  2.5827020e-01
  2.2397976e-02
  1.2129901e-02
 -1.8481798e-02
 -3.5199283e-03
 -9.1553614e-02
 -3.6223616e-02
 -5.4138180e-02
 -3.5319649e-02
  9.3001109e-03
 -2.2090163e-02
 -4.2014090e-06
  4.5229152e-02
  1.5404037e-02
  9.4095632e-02
  5.7863943e-02
  3.9881676e-02
 -8.6585499e-02
 -3.0322065e+00
  2.9925261e+00
  9.1026258e-01
 -6.9124252e-01
  6.4841980e-01
  5.6822562e-01
  3.2103276e-01
  2.3246978e-01
 -9.1448784e-01
  1.5000242e-01
  3.0366512e-02
  7.2656238e-01
  8.1773615e-01
  1.6434233e-01
 -1.8282749e-02
  8.7248378e-02
  5.1981801e-01
  1.0917585e+00
  4.1451785e-01
  1.9705132e-02
  2.7155301e-01
 -1.4199578e-02
  4.0332988e-01
 -5.9968054e-01
  2.0519160e-01
  6.8278899e-03
  1.4405761e-02
 -8.1308477e-02
  1.0964022e-01
  3.0141091e-01
  2.8121937e-03
 -1.9236805e-02
  6.7684941e-02
 -3.7251379e-02
 -3.7560266e-02
 -1.0087653e-01
  1.8513110e-01
  2.3480989e-01
  1.2017888e+00
 -1.3684025e-01
  6.4906299e-02
 -2.0559600e-02
  1.4206937e-01
  7.4578874e-02
  1.5244213e-01
 -9.8601608e-03
  6.3292995e-02
  5.1917126e-03
 -5.0398909e-02
  7.5229347e-02
  5.0529577e-02
  4.4354927e-02
  1.4810034e-03
  1.3555516e-01
 -4.8135266e-02
 -1.2116091e-02
  2.5562234e-02
  2.3977926e-02
  1.1678168e-01
 -1.3320245e-02
 -4.0402550e-02
  4.1950993e-02
  4.2164817e-02
  1.7136443e-02
  8.7793358e-02
  1.6875258e-01
  9.3244478e-02
  6.6711567e-02
 -3.5322409e-02
 -8.9302426e-03
  1.7250921e-01
 -2.5669071e-01
 -5.3522676e-02
 -1.5666094e+00
  3.3313047e-02
  3.0314369e-02
 -8.8442694e-03
 -7.2062868e-03
  3.3025481e-02
  9.6971393e-02
  7.7644028e-02
  9.1312304e-02
 -1.3123320e-01
  7.4775860e-02
 -2.3575300e-01
 -1.3267404e-02
  3.2246359e-02
 -1.5752120e-01
  7.3301136e-01
 -9.0128714e-03
  2.3623876e-02
  2.4230059e-02
 -8.2408935e-02
  1.2603103e-03
 -1.4171098e-01
  8.1987688e-03
 -1.4674298e-02
  6.4168781e-02
  9.6307270e-02
  8.8946618e-02
  1.1084995e+00
  3.6157217e-02
 -3.3754978e-02
 -3.8755760e-02
 -1.0820692e-01
 -6.9898051e-01
 -1.0779824e+00
 -2.4854019e-02
 -1.4604844e+00
 -4.9824807e-01
 -3.3571643e-01
 -3.0028215e-01
 -2.2195175e-01
  2.3133548e-01
  8.7048203e-02
 -1.3599415e-01
 -5.5107611e-01
 -1.3688776e-01
 -1.1108568e-01
 -1.1346950e-01
 -5.2079451e-01
 -1.6654721e-01
 -7.3140007e-01
 -5.4920208e-01
 -3.3486304e-01
  1.0620489e+00
 -6.8871945e-02
  5.2522896e-03
  8.1506230e-02
 -1.0762624e-01
  3.9080229e-02
  2.4098208e-02
 -8.8357136e-02
 -1.7941260e-01
  1.4843275e-01
 -1.3330752e-01
 -5.9030209e-02
  1.3553626e-02
 -1.2967192e-01
  3.5586067e-02
  1.4048758e-01
 -1.1749405e-01
 -3.8887486e-02
 -1.7693254e+00
  7.9042420e-02
 -4.3858968e-02
  8.5821457e-02
 -3.9462626e-02
  1.6088096e-02
 -1.7347276e-01
  1.8976515e-02
 -8.6396150e-02
  2.1658948e-02
  9.4485141e-02
 -5.2587926e-01
 -1.1600913e-02
  4.5183286e-02
 -1.7165806e-02
 -3.0512562e-02
 -1.0863918e-01
  8.6070053e-02
  1.4229319e-02
  1.3059706e-02
  2.5447015e-02
 -3.6882255e-02
 -1.9846950e-02
 -2.0451912e-01
 -2.2453289e-02
  1.8119283e-02
  1.1495475e-02
  1.0260538e-02
  4.1364014e-02
  1.5650623e-02
  7.6906897e-02
 -8.6049668e-02
 -2.0639220e-01
  2.3365615e-02
  3.0471662e-02
 -4.5495923e-03
 -1.2245839e-02
 -1.2639645e-01
  8.6887896e-02
 -1.0107651e-01
  2.7107798e-02
  5.0703753e-02
 -3.9458383e-02
 -4.4736780e-02
  2.9374713e-02
  4.1986831e-02
  1.9372614e-02
 -1.0652672e-02
 -3.4417424e-02
  1.7947629e-02
 -2.7046947e-02
 -8.4629692e-02
 -1.3249481e-02
  1.3743948e-02
  1.1775454e-01
 -2.8416584e-03
  6.7816190e-03
 -8.3014611e-03
  1.2174973e-01
 -4.4252492e-02
  1.9287951e-01
  5.1035114e-02
 -2.4982177e-02
 -1.4803643e-02
  6.1447057e-03
  1.8608274e-03
  1.3214844e-01
 -2.6101096e+00
  1.1245490e+00
  9.1974258e-01
  1.8431756e+00
 -1.8602843e+00
 -1.4738543e-01
  2.6864825e-02
  1.8081035e-02
  3.1559937e-02
 -3.0934738e-03
  6.1200991e-02
  5.6071263e-02
 -3.6004338e-02
  4.9910747e-02
 -9.6293405e-02
 -3.0076848e-02
  8.5209385e-02
  4.0544072e-01
  1.8659973e-01
 -7.9597980e-02
 -4.2331076e-04
 -4.6132073e-02
  2.8550893e-01
 -4.1013502e-02
 -2.8826687e-02
  1.5000299e-02
 -1.0611748e-02
  1.1940515e-02
 -7.1584024e-03
  4.2068083e-02
 -4.4159103e-02
 -1.8345747e-02
  1.8290465e-01
 -6.6974834e-02
 -3.4273777e-02
  2.6850843e+00
 -2.2132797e-02
  1.2634756e-02
 -1.1798455e+00
 -7.3655918e-03
  2.0602711e-02
 -3.7775240e+00
  8.2887756e-03
  7.7828087e-02
  1.7004284e+00
 -6.6210456e-02
 -6.2211906e-03
  5.2064054e-02
 -2.3263572e-02
  1.3584814e+00
  1.7117087e-02
 -5.6961633e-02
 -2.7117193e-02
  1.2597819e-01
 -3.8865272e-02
 -3.8077001e-02
 -8.7984189e-02
  7.4140420e-03
  4.1276094e-02
  4.6139859e-02
  3.7708115e-02
 -3.1827290e-02
  1.8540394e-01
 -1.0334924e-01
  3.5499293e-02
  2.5144425e-01
  6.2298119e-02
  3.9690036e-02
  2.3512840e-02
  6.7448884e-02
 -1.6279427e+00
  6.5941525e-01
  1.3136444e-02
  2.4335620e+00
 -3.6207110e-01
  3.0473027e-02
 -5.7618480e-02
  5.4280043e-02
  1.1865846e-02
  3.7052270e-02
  2.8817730e-02
 -5.0174063e-03
  2.2629248e-01
  2.4777189e-02
  4.0501706e-02
 -9.0927869e-02
 -2.4149626e-02
  4.2161811e-02
  2.8412873e-03
  2.2321150e-02
  4.5075949e-02
  6.8877645e-02
 -2.9936966e-02
  2.7700519e-02
  9.9806488e-02
 -3.9778553e-02
 -2.1545161e-04
  4.1283411e-01
  4.0242910e-02
 -7.0988409e-02
  4.6147950e-02
  1.1240779e-01
 -5.8372412e-04
 -3.2017138e-04
 -3.3680726e-02
 -1.6269421e-02
 -2.6479993e-02
  1.2069649e-01
  1.2690824e+00
 -5.1401374e-03
 -9.6426919e-02
 -1.2052049e-02
 -3.8988337e-02
  8.2820766e-02
  1.5044392e-03
  1.0973616e-02
 -3.2146085e-02
  3.7672929e-03
  3.4276806e-02
 -2.2601901e-02
 -6.6998541e-02
  5.9169054e-02
  8.5841371e-03
  3.2845214e-02
  1.9279780e-03
  5.0348625e-02
 -4.2142116e-02
  3.5735779e-02
  1.9255739e-01
 -6.0700546e-03
 -1.8035620e-01
 -1.4940509e-01
  1.3376255e-01
  5.3624593e-02
 -1.5539267e-03
 -1.3896762e-02
 -4.4012591e-02
 -6.7199685e-02
 -2.1122077e-02
  4.5103058e-03
  4.0627137e-01
 -9.6026838e-02
  6.3377231e-02
 -1.4381183e+00
  4.3178242e-02
  1.1175498e-01
  1.5693767e-02
  3.3451300e-02
 -1.6986214e-01
 -1.7892158e-03
  6.5173744e-03
 -1.4774688e-01
  1.0753570e-01
 -6.6541913e-03
 -9.3963459e-02
  2.2542084e-02
 -2.2149146e-02
  3.9810482e-02
 -3.2082681e-02
 -5.1103372e-02
 -6.7143381e-02
 -3.4258369e-02
 -2.8084233e-02
  3.5570142e-01
 -1.6086983e-02
  3.6583439e-04
  4.3001693e-01
 -1.4403553e-01
 -4.3302927e-02
  7.7438369e-02
  2.6036912e-01
 -1.0323691e-01
  2.7353628e-02
 -8.7785283e-03
  2.7882367e-01
  9.6544707e-01
 -3.8457847e+00
 -8.0907963e-02
 -3.4288463e-01
  1.5873047e+00
 -1.7910205e-02
  7.8678429e-02
 -2.8900033e-02
 -3.1158822e-03
  2.1342158e-01
  3.4000985e-02
 -6.8098545e-02
 -5.4685700e-01
 -5.3749266e-03
 -1.0291667e-01
 -6.5994151e-02
 -1.3324804e-02
 -1.2170627e+00
  2.0158827e-02
  2.9700553e-02
 -7.1548857e-02
 -1.9741616e-01
 -7.9832506e-01
  2.3816433e-02
 -1.3941479e-02
 -1.5620179e-02
  2.7533619e-02
 -7.8004487e-02
 -4.9889922e-02
 -3.0480105e-02
  4.0768757e-02
 -5.6026459e-02
  2.7333206e-02
  1.2319020e-02
 -6.5620400e-02
  8.9508340e-02
  3.5007082e-02
 -2.0725584e-01
 -1.8815173e-01
 -3.8147032e-02
  1.1358684e-02
 -6.4490754e-03
  1.8653199e-02
 -6.0467953e-03
  2.3923351e-01
 -2.0070974e-02
 -1.0991403e-01
 -4.3045614e-02
 -1.1546800e+00
 -1.5699309e-03
  7.4868448e-02
  8.5819513e-02
  1.2767363e-01
  3.0489864e-03
 -9.9809922e-02
 -1.1255624e-01
  3.4773186e-02
  2.4051053e-02
 -3.1313275e-03
 -2.3282699e-01
  1.9439654e-02
  1.3656655e-02
  6.4665987e-03
  9.2877988e-03
 -4.6381880e-02
  6.2298510e-02
  1.7262623e-02
 -2.2774440e-01
 -3.0481284e-02
  7.4828565e-03
 -1.0082712e-01
  5.8081619e-02
 -1.8630130e-02
  1.3714333e+00
  6.6530555e-03
  2.5745800e-03
 -8.5280585e-04
 -5.9333686e-02
 -3.8939506e-02
 -3.9438579e-02
 -1.3203979e-02
 -1.3511270e-01
 -2.6448483e-02
  3.6774117e-02
  4.5850169e-02
  2.0390496e-02
  3.6849708e-03
 -1.0836414e-01
  2.4774116e-02
  1.1979962e-02
 -1.3358693e-01
 -2.9033734e-02
 -4.5038342e-02
  1.7938670e-02
  1.6068600e+00
 -5.9727538e-02
 -1.0061523e-01
  6.1404701e-02
  5.4509267e-02
 -7.2335184e-02
 -1.7545084e-02
 -1.3749400e-02
  1.9678799e-03
 -6.1819139e-03
  1.1436883e-03
  5.3308827e-01
 -2.3660740e-01
  3.6683612e-02
 -1.4088296e+00
  2.7781546e-02
 -2.0753847e-02
 -8.5995153e-02
  5.5437487e-02
 -1.0799131e-02
  9.2227533e-02
 -2.5661420e-02
 -2.5208026e-02
 -1.8422417e-01
 -1.3046904e-02
  1.1499180e-02
  2.2552077e-01
 -1.0742515e-01
 -4.2743430e-02
 -1.3819925e-01
  4.1275076e-03
 -1.7567812e-03
 -3.8631808e-02
 -1.5046929e-01
 -1.9237239e-02
  8.5796133e-02
  4.0918004e-02
  5.2544490e-02
 -1.1973483e-02
 -1.4650518e-02
 -5.3686937e-03
  1.1058373e-01
 -8.0064952e-02
 -1.1414343e-02
  6.0331907e-02
 -9.6146822e-02
 -1.3145541e+00
  4.8126152e-01
  5.5563462e-01
  3.1919334e+00
 -6.2179215e-02
  3.8101181e-02
  1.2865834e-01
  6.0617086e-02
  2.1420341e-02
 -1.3049915e-02
  2.0501746e-02
 -1.1915483e-02
  4.9313225e-02
  5.4896377e-02
  3.3869866e-02
 -3.4210548e-02
 -5.4323364e-02
  8.9475937e-02
  4.2809200e-02
  5.1928621e-02
  9.4475627e-02
  1.5824957e-01
 -9.7074366e-01
  5.7143200e-02
  4.8635870e-02
 -6.2751494e-02
  1.5252095e-02
  1.1276426e-01
 -8.9171477e-02
 -2.7935844e-02
  1.5168897e-02
 -7.7661378e-03
 -2.1282289e-02
 -6.3098907e-02
  3.6761243e-02
  1.3853361e-01
 -1.4099461e-03
 -4.3719482e-02
 -9.9352419e-01
 -6.8435065e-02
  2.6917007e-02
  1.6431008e-03
 -1.0526474e-01
 -6.1241250e-02
 -2.5256211e-02
  2.0509237e-02
  2.8967671e-02
  6.1546333e-02
 -6.2650251e-03
 -3.0882610e-02
 -3.3621393e-02
  8.8963360e-02
 -1.6195398e-02
 -9.2282131e-02
 -1.8821120e-03
 -2.0248162e-02
  2.0248471e-02
 -4.4966154e-03
  8.0122805e-01
  1.1810519e-01
  6.1279569e-02
  1.8976180e-02
 -2.7549170e-02
  1.1970409e-01
  1.8285421e-01
 -6.2247753e-02
 -3.0638601e-03
  1.0675804e-02
 -5.4248396e-02
  1.3493598e-02
 -1.2237245e-01
  1.0932882e-01
  6.9201395e-02
  1.0639662e+00
 -1.5428595e-01
  1.9633768e-02
 -2.1053044e-01
  3.5095144e-02
 -5.0735675e-02
  8.8919505e-02
 -1.3513173e-02
  5.2040134e-02
  3.1787312e-01
 -3.4476377e-02
 -3.1659212e-02
 -6.6160247e-02
  1.9977538e-02
  1.5938574e-01
 -7.3310852e-02
  1.6128188e-02
  7.6382622e-02
 -3.7432324e-02
  6.9375299e-03
  1.3431773e-02
 -3.1189123e-02
 -3.8943648e-02
  5.3142081e-03
 -9.7761918e-03
  1.1791021e-02
  1.9047424e-02
 -1.5181294e-01
  1.2237924e-01
  9.6123181e-02
 -6.3586049e-02
 -2.5641665e-02
  9.3303859e-01
 -6.0906422e-01
  5.3153772e+00
 -5.6793177e-01
  3.0796573e-01
  4.5368168e-01
  3.1714118e-01
 -1.3799561e-02
  5.0636721e-01
  1.7296042e-01
  6.2977737e-01
  4.4062960e-01
 -3.2146476e-02
 -3.5530201e-01
  1.5976143e-01
  1.1769313e-01
  4.7650126e-01
 -1.8974803e-01
  2.2604091e-01
  7.4584633e-01
  2.1919423e-01
  3.2323256e-01
  8.1433609e-02
 -9.9001095e-02
  1.8594532e-01
 -1.5485313e-02
 -5.5477221e-04
  1.7561308e-03
  5.5013996e-02
  4.1025892e-01
 -4.4622689e-02
 -1.0196847e-01
  8.0785573e-02
 -1.0019389e-02
  1.1985463e-03
  2.2812179e-01
  8.6022830e-03
 -1.4903791e-01
 -1.2813824e+00
  1.3174276e-03
  2.7837710e-02
 -2.5578395e-02
  3.7090164e-02
  1.2347531e+00
  5.1583868e-02
 -2.8642379e-02
 -1.9953841e-02
 -1.8696684e-01
  9.6244961e-02
  3.0852687e-02
  1.3098269e-02
  3.5723582e-02
 -1.5550222e-01
  3.0470401e-02
 -1.0516802e-01
  1.7149789e-02
  1.0621859e-02
 -7.8363493e-02
  1.5150860e-02
 -5.0756797e-02
 -2.8932054e-02
  2.7467040e-02
  9.4779562e-03
  6.0000464e-02
  9.3367763e-02
 -6.1773781e-02
  1.9566987e-03
  1.1475298e-01
 -7.0523947e-02
 -2.6989788e-02
 -2.3479602e+00
 -5.5537868e-01
  2.0996196e+00
 -2.3748147e+00
 -5.6462628e-01
  2.7494043e-01
  2.2479200e+00
 -7.8228325e-01
 -2.3209457e+00
 -3.0787795e+00
  2.3124382e+00
 -2.5336440e+00
 -1.7557620e+00
  1.9179938e+00
 -1.8577852e+00
 -2.5555940e+00
 -2.4217136e+00
  2.2166920e+00
  1.9804167e+00
  1.7934729e+00
  2.0149662e+00
 -1.8967059e+00
 -2.2885268e+00
 -2.1711099e+00
 -1.2814088e+00
  2.2705982e+00
  5.2939242e-01
  1.8708363e+00
  2.4648926e+00
  1.8395224e+00
  2.2273757e+00
  2.1221793e+00
  2.2886817e+00
  2.0329156e+00
  2.9908497e+00
  1.1091632e+00
 -8.0625850e-01
  3.5050268e+00
 -2.4398626e-01
 -2.4637525e+00
  2.0239179e+00
 -2.4670231e+00
  1.6782931e+00
 -3.1965611e+00
  2.4208720e+00
 -3.1020546e+00
  5.0177270e-01
  1.3797610e+00
 -1.1973228e-01
 -1.8229100e+00
  1.6288923e+00
 -1.5851182e-01
  2.7866347e+00
 -2.3779788e+00
  2.1420372e+00
 -3.9365643e-01
  2.1917253e+00
 -2.1685205e+00
  1.0392282e+00
  2.0351329e+00
 -3.4645166e+00
 -3.1830925e-01
  1.6157289e+00
 -1.3890804e+00
  1.4181533e+00
  1.3869964e+00
  1.0664352e+00
  1.0459374e+00
 -8.5869688e-01
 -1.7990873e+00
  2.4199040e+00
 -1.7966901e+00
 -9.9945545e-01
  7.0865816e-01
 -9.8559618e-01
 -2.7355380e+00
 -2.3728833e+00
  2.2492979e+00
  1.5985986e+00
  9.2171955e-01
  3.4619308e+00
 -2.0560937e+00
 -2.0513108e+00
 -3.1018116e+00
 -8.4744960e-01
  1.7764270e+00
  8.8854200e-01
  7.0096308e-01
  1.7799546e+00
  9.3666023e-01
  1.8152775e+00
  2.4793165e+00
  1.8462638e+00
  2.1076992e+00
  3.1325195e+00
  1.3001630e+00
  6.3282537e-01
  4.0754414e+00
  1.1172049e+00
 -2.8923421e+00
  9.2623472e-01
 -1.6377336e+00
  6.7307276e-01
 -1.5655462e+00
  3.2333589e+00
 -1.1853307e+00
 -1.2165507e+00
  1.0571121e+00
 -1.0497235e+00
 -5.2607399e-01
  4.8130050e-01
  3.2887608e-01
  7.5825906e-01
 -1.7354782e+00
  2.7173667e+00
 -3.1690576e+00
  7.9038298e-01
 -1.4250082e+00
  1.4389632e+00
  1.2801306e+00
 -8.9361465e+01
  7.6698583e-01
  1.7477518e+00
  2.5687629e-01
 -1.7404354e+00
 -4.5646351e-02
 -4.0718424e-03
 -2.6673812e-01
  1.8524197e+00
  2.3089528e+00
 -1.2013692e-01
 -5.1645374e-01
 -2.2536743e+00
 -5.2019817e-01
 -7.0541903e-02
 -3.1757644e-01
 -5.1562369e-01
 -2.6621701e-02
  6.7671615e-01
  8.8314474e-01
  7.0577008e-01
 -3.1423943e+00
 -1.0495101e+00
 -3.3433568e-02
  9.9960929e-01
  1.8977702e+00
  1.3911829e+00
 -1.7019423e+00
 -1.0081185e+00
  9.5144939e-01
  3.3362412e-01
 -1.4626553e+00
 -2.6185542e-01
  1.3218082e+00
 -2.6289234e-01
 -1.6694992e+00
 -8.6061049e-01
  2.1758449e+00
 -2.6949173e-01
 -1.1659014e+00
 -8.6085469e-01
  6.7129540e-01
 -9.0406284e-02
  1.7307115e+00
  5.4697812e-01
  4.8294985e-01
 -9.9775814e-02
  2.8025327e+00
  1.3237345e+00
 -3.7406485e+00
 -1.7360404e+00
  2.1127187e-02
 -3.4386519e-02
 -9.9110329e-01
 -4.3382344e-01
  7.6014614e-01
 -1.3377044e+00
  1.2051505e+00
  3.2777267e-03
 -1.6167084e+00
 -1.4333562e+00
 -1.2363246e-01
 -6.1893636e-01
  1.1735784e+00
  2.0686724e+00
 -9.9020088e-01
 -7.9975195e-02
  8.5556078e-01
  2.7734756e+00
 -8.3134550e-01
 -1.4458524e-01
  9.2243814e-01
  1.5765413e+00
 -3.5717537e+00
 -3.9861951e+00
 -5.2363679e-02
  1.5771708e+00
 -7.9477763e-01
 -3.0591363e-01
  2.4379581e-02
  9.6396446e-01
 -5.5930849e-02
 -1.2135587e+00
 -4.3593675e-01
 -1.0607446e+00
 -4.4421058e+00
 -1.1144921e+00
  2.9559665e+00
  5.7189584e-01
 -4.7403140e+00
 -2.4976387e+00
 -9.0582377e-01
  1.2148364e+00
 -5.5058803e-02
 -1.2911944e+00
 -7.6550096e-01
 -3.4313482e-01
  1.4955796e+00
 -1.5216347e+00
 -8.8075340e-01
 -6.6669750e-01
  8.8482839e-01
 -1.1156149e+00
  2.7023193e-01
 -5.0497025e-01
 -7.6521772e-01
 -1.1643322e+00
  4.2602956e-01
  7.8008443e-01
  3.1049626e+00
  3.8308160e+00
  1.8510962e+00
  9.2259651e-01
  1.7341790e-01
  1.3215676e-02
  3.9487845e-01
  4.6082371e-01
 -4.6026343e-01
  6.8534863e-01
  1.2490146e+00
  3.4242668e+00
 -1.1331116e+00
 -1.9880412e+00
  2.9417598e-01
  3.4227910e+00
 -8.3394367e-01
 -5.2995276e-01
  3.0718281e+00
  9.0891826e-01
 -2.2670403e+00
  6.4785445e-01
  7.8885752e-01
 -5.5511738e-03
  9.7872126e-01
  4.8661682e-01
  1.4453241e+00
  1.4035068e+00
  8.8101335e-02
 -1.2502663e-02
  4.2566219e-01
  1.6807483e+00
  2.4982362e+00
  4.2943695e-01
  1.4424486e+00
  1.2153831e+00
 -8.3151758e-01
 -1.2202809e+00
 -1.2293925e+00
  3.3110537e-02
 -1.3762422e-01
 -3.0572906e-01
  3.2646611e-01
 -7.4137859e-02
 -1.7912076e-01
 -1.2120597e+00
 -2.7802358e+00
 -2.1715353e-01
 -1.1934327e+00
 -2.1519904e-01
  2.1293149e+00
  9.2724639e-01
  2.3823321e+00
 -2.4811909e-01
  3.2052214e+00
 -1.0209033e+00
 -1.9158155e+00
 -2.2072322e+00
 -9.3911636e-01
 -3.3795221e+00
 -1.6681622e+00
 -8.9589852e-01
 -1.3819792e+00
 -6.5002418e-01
 -1.7232133e+00
 -1.3333074e-02
 -1.5026753e-01
  9.5677310e-01
 -5.3450400e-01
 -1.2826631e+00
  9.4991875e-01
  8.0829227e-01
  2.1924999e+00
  5.7706809e-01
  1.6004252e+00
  1.1045792e+00
  6.9863111e-02
  3.7861709e-02
 -3.9738157e-01
 -5.1198411e+00
 -2.2726621e-01
  1.1058004e-03
  3.0777854e-01
  1.0671643e+00
 -2.1779082e+00
  1.6211390e-02
 -2.7730411e-01
 -1.7066429e+00
  4.3116453e-01
  5.9958690e-01
 -8.4429121e-01
 -2.4069061e+00
 -1.7809472e+00
 -5.7353908e-01
 -3.9048737e-01
 -1.9779192e-01
  5.4217923e-01
  8.7402970e-02
 -1.0755558e+00
  9.3819726e-01
  7.5003356e-01
 -1.6298015e-01
 -8.8050801e-01
 -3.7180800e-02
 -4.3937892e-01
  4.9105138e-02
 -3.8946277e-01
  1.9897051e-01
  3.1348259e+00
 -3.8265452e-02
  3.0091098e-01
  1.1585562e-01
  2.1260276e+00
  1.0200736e-02
 -9.5282084e-01
 -1.6054562e-01
 -2.0398133e+00
  7.5393975e-02
 -5.7531393e-01
 -5.4302555e-01
 -1.2034028e+00
  7.6162881e-01
 -1.8639652e+00
 -2.9462481e+00
 -9.5696487e-02
  3.0519279e-02
  6.6842157e-01
 -1.7777697e+00
  1.9633096e+00
  4.9574813e-01
  2.0833862e+00
  5.1539093e-01
  1.8705674e-01
  4.2245159e-01
 -8.6760372e-02
  1.2896312e+00
 -9.4427079e-01
  4.7430933e-01
 -1.5210456e+00
  1.2740166e+00
 -7.2082120e-01
  3.2927241e-02
 -8.7682962e-01
  7.4673879e-01
  3.3312604e-01
  1.5841842e+00
 -2.2164193e-01
 -3.2359594e-01
 -1.9707049e-01
  2.7425447e-01
 -8.9301296e-02
 -1.0248439e+00
 -1.0615237e+00
 -1.7025312e+00
 -1.3720710e+00
 -3.9809067e+00
  2.1591489e+00
 -9.5689112e-01
 -1.0031372e+00
 -1.1767217e+00
  6.7077484e-03
 -9.4537514e-01
 -3.5982862e-01
 -1.2275939e+00
 -7.5652921e-01
  1.3399933e-01
 -1.0783705e+00
 -8.4996283e-01
 -6.0895419e-01
  1.1236178e+00
 -2.9123744e-01
  1.5223559e+00
 -4.8198321e-01
 -1.9119959e-01
 -4.7923170e-02
 -1.0738287e+00
 -5.5091333e-01
  1.9018017e-01
 -5.0123101e-01
 -7.8071481e-01
 -5.1747654e-02
  2.3479058e-01
  2.3479564e-01
  6.3625199e-01
  1.5052377e+00
 -1.7234115e-01
  4.5321733e-01
  9.1483039e-01
  1.5752996e+00
  1.2788115e+00
  4.3917403e-02
  4.5458284e-01
 -1.1444231e+00
 -2.5327626e-01
  7.5799155e-01
  4.6807426e-01
 -1.9311574e+00
 -1.0425647e+00
 -7.3572463e-01
 -1.4951600e-01
  1.0816581e+00
  7.9395968e-01
  4.5260063e-01
  7.7653050e-01
 -3.3946496e-01
 -1.1102359e+00
  1.0737858e+00
  5.2127880e-01
 -1.2350750e+00
 -1.8922663e+00
  3.2499757e-02
 -3.9590913e-01
 -9.2274648e-01
 -9.6830064e-01
 -6.6840792e-01
 -4.0436843e-01
  2.9919764e-01
 -4.0341415e-02
  6.0855204e-01
 -6.4362025e-01
 -1.2339770e+00
 -2.7895022e-02
  1.7299314e-01
 -1.6117585e-01
  2.3064069e-01
  5.1759742e-02
 -2.6992345e+00
  3.7899464e-01
 -1.9411037e+00
 -5.2477711e-01
  9.0295619e-01
  1.3807908e+00
  5.7736826e-01
  1.6733655e-01
  1.0243900e+00
 -5.8940095e-01
  8.1358135e-01
 -5.6074768e-01
  4.5926124e-01
  5.1297992e-01
  6.8474388e-01
 -1.0576585e-01
  6.8954462e-01
  1.9278946e+00
  9.7734362e-01
  5.7390946e-01
  2.1315207e-01
  1.1606330e-01
 -9.3434602e-01
  7.2677070e-01
 -3.6647648e-01
 -6.0857868e-01
  2.9349174e-02
  2.9349174e-02
  2.9349174e-02
  2.9349174e-02
  2.9349174e-02
  2.0425856e-01
  2.0425856e-01
  2.0425856e-01
  2.0425856e-01
  2.0425856e-01
  1.6406114e-01
  1.6406114e-01
  1.6406114e-01
  1.6406114e-01
  1.6406114e-01
  5.0968606e-02
  5.0968606e-02
  5.0968606e-02
  5.0968606e-02
  5.0968606e-02
  2.4741443e-02
  2.4741443e-02
  2.4741443e-02
  2.4741443e-02
  2.4741443e-02
  1.6266836e-01
  1.6266836e-01
  1.6266836e-01
  1.6266836e-01
  1.6266836e-01
  8.9403339e-02
  8.9403339e-02
  8.9403339e-02
  8.9403339e-02
  8.9403339e-02
