nep4_zbl 2 Ga In 
zbl 1.25 2.5 0.7
cutoff 6 5 68 39
n_max 4 4
basis_size 8 8
l_max 4 2 1
ANN 60 0
 -5.5296147e-01
 -3.6264390e-01
  9.2116252e-02
 -1.0396153e+00
 -1.3113048e+00
 -5.5332875e-01
 -7.1743459e-02
 -1.2773226e+00
 -2.3279706e-02
  1.9366941e-01
 -9.6661747e-01
 -7.1067816e-01
  4.3413565e-01
  3.5276455e-01
 -3.9758858e-01
  5.8636540e-01
 -1.5097615e+00
  1.7529843e-02
  1.5924559e+00
  3.6203656e-01
 -5.9077134e-03
 -8.4238458e-01
 -9.1354978e-01
  6.9627982e-01
  1.2775949e-01
 -2.4074849e-02
  1.4284898e-02
 -4.3336254e-02
  9.0728715e-02
 -1.1458077e-01
  5.0697505e-02
 -2.6224304e-03
  2.6569035e-02
 -7.1064644e-03
 -4.9152956e-03
 -2.2883683e-01
  7.6720184e-01
  2.6374253e-02
  7.8535283e-01
  1.0977678e-03
  8.1818491e-02
  2.8164668e-02
  1.8214237e-02
  1.3355170e-02
 -4.9832701e-03
  2.6244810e-02
  8.5445662e-04
 -2.5763346e-03
  3.2370090e-03
  2.0377213e-02
  3.3841316e-02
  8.4717035e-02
 -5.1144436e-02
 -4.9864341e-02
 -2.5963355e-02
 -1.2954831e-03
 -2.4087040e-02
 -5.2132491e-02
  2.8557857e-02
 -8.2277521e-02
 -1.8042339e-02
 -1.1108229e-01
 -2.8535899e-02
 -4.5561576e-03
  5.4352444e-02
  2.9147662e-02
  5.7833655e-05
 -2.2523247e-02
  1.7673640e-02
  4.1853309e-02
 -2.3900001e+00
  8.9425899e-02
 -7.5085253e-01
 -4.7357044e-01
 -3.0500528e-01
 -1.2185482e+00
 -3.2551435e-01
  4.6016287e-02
  4.8276144e-01
  2.9975072e-01
 -3.3045399e-01
 -6.1139792e-02
  6.5429366e-01
 -8.8581741e-02
  7.5359121e-02
 -7.0919240e-01
 -5.7499969e-01
  2.2394215e-01
  1.9962523e+00
  8.8378817e-01
  2.9033195e-02
 -1.6491620e-02
 -7.6282161e-01
 -1.0847785e-01
  1.4449093e-01
  1.1451824e-01
  2.1006580e-02
 -6.5081522e-02
  8.1138778e-04
 -2.2978105e-02
  2.8341375e-03
 -4.4460725e-03
  2.7893034e-01
  2.0243600e-02
  1.3142936e-01
  2.3527162e-01
 -1.2632782e+00
  4.5545322e-01
 -9.1271973e-01
 -7.0298547e-01
  5.2271243e-02
 -6.3783289e-03
 -1.3692821e-02
  7.0933383e-03
 -4.2134713e-02
 -2.2377143e-02
  2.1111825e-02
  5.1123332e-02
  3.1753130e-02
  4.8892062e-02
 -9.2949515e-04
 -1.2241933e-02
  1.0520884e-02
  1.9441472e-02
  1.4810838e-02
  2.9885478e-02
 -1.5221795e-03
 -4.4073962e-02
  1.4627259e-02
 -5.1456843e-02
  4.1385513e-02
  4.4563517e-02
 -1.7001567e-02
  7.2581521e-03
 -1.9585941e-02
  6.0137577e-02
  2.0776276e-02
  4.8238043e-02
  1.7816307e-02
 -1.0315695e-02
 -1.1920638e-01
  1.1028221e+00
 -3.7592776e-02
  1.2199491e+00
  3.3308811e-02
 -1.1521991e-02
  3.2806251e-02
  6.0672858e-03
 -6.8902327e-03
  3.9455757e-01
 -1.5629071e-03
 -7.1744263e-02
 -1.7923595e-02
  7.5307615e-02
  8.1765898e-02
  1.0352781e-01
 -4.1592889e-02
 -6.6550374e-03
  5.7094973e-02
 -2.4799485e-02
  2.9795278e-02
 -6.0021207e-03
  8.6150793e-03
  1.6280847e-02
 -7.5889133e-02
  2.2417295e-03
  6.6511740e-04
  2.0100666e-02
 -1.7601794e-02
 -8.6303065e-03
  7.6154973e-03
  3.1500623e-02
  2.9363621e-02
  3.5405990e-03
 -8.2523581e-03
  1.0126526e-01
 -8.2974374e-01
  1.2875959e-01
 -1.0083181e+00
 -5.1414449e-02
  6.9990121e-02
 -1.8946355e-02
  2.5579931e-02
 -3.7664242e-02
 -1.8706882e-02
  1.7957098e+00
 -5.7315659e-02
 -2.1692751e-02
  5.9228566e-02
 -1.0111773e-03
  2.2962637e-02
 -9.4630443e-02
 -4.5476458e-03
 -2.8468404e-02
  5.1347595e-02
  1.6160063e-02
 -7.5223997e-02
 -7.2426647e-02
 -1.0595349e-01
  1.4306275e-02
 -2.4536403e-02
 -1.0483924e-01
 -6.2485233e-02
 -1.2431787e-02
 -7.8885769e-03
 -1.0688399e-02
  9.6179575e-02
  1.8361473e-02
  1.1524250e-02
  1.3999548e-03
  2.2547314e-01
 -1.3391386e+00
  3.9976709e-02
 -1.0501561e+00
 -1.1241614e-01
  1.3569652e-02
  4.8264299e-02
 -4.5792185e-02
 -4.2300995e-02
 -4.8476528e-02
  4.8213438e-03
  2.3279874e-02
  1.1611169e-02
 -1.2621776e-03
  8.0704549e-03
  1.5233828e-01
 -5.5299201e-03
  5.9959345e-02
  7.5325016e-03
  4.1599139e-03
 -3.0273123e+00
 -3.5383550e-03
  4.5054648e-02
  3.8338073e-02
  7.2509259e-02
  3.9491992e-02
 -8.0381241e-03
 -1.7827302e-02
  4.5273319e-02
 -5.6651873e-03
 -4.5563769e-02
 -3.2754064e-02
 -2.7511114e-02
 -2.8741924e-02
  8.9038061e-03
 -1.2207704e-01
  8.9102554e-01
 -7.9523891e-02
  1.2675755e+00
  4.0502965e-02
  2.8630514e-02
  3.7799713e-03
  4.6801314e-02
 -2.5278840e-02
 -1.1191810e-02
 -2.2071188e-02
 -2.9493144e-02
 -1.6300579e-03
 -1.0008425e-02
  9.7664930e-03
  7.2557256e-02
  1.7014507e-02
 -6.7733109e-02
 -4.4362573e-03
  1.8329158e-02
  5.4535430e-02
 -1.8220816e-02
 -3.6231908e-03
 -8.0520287e-02
 -1.4815835e-02
  1.7798737e-02
  5.1385663e-02
 -5.3712957e-02
  6.3547619e-02
 -5.0683222e-03
  3.9729275e-02
  3.0772639e-02
  3.2340489e-02
 -9.7147131e-04
 -1.5432694e-02
  3.7836015e-02
 -8.3797359e-01
  8.4609073e-03
 -8.7681878e-01
 -2.7671007e-02
 -8.9885452e-04
  5.5054385e-02
  1.7670060e-02
  5.8812585e-02
  1.2918849e-02
 -6.4271532e-02
 -1.2253509e-02
 -8.4197871e-02
  4.1555893e-02
  6.3079946e-02
 -7.9189025e-02
 -2.1813359e-02
 -3.3727832e-02
  1.3157549e-02
 -3.6357421e-02
 -7.8048608e-03
  3.8242992e-02
 -8.4374636e-02
 -3.5665946e-03
  3.0641943e-02
 -2.3869533e-02
  5.9071472e-03
  3.3268929e-02
 -6.2663496e-02
 -2.0678820e-02
  6.3422602e-04
 -1.6273787e-02
  8.0895357e-02
  1.3203593e-01
 -1.9099664e-02
 -1.0467324e-01
  1.1363082e+00
 -7.7665709e-02
  1.3316162e+00
  8.3636440e-02
  1.5057720e-03
  4.9135510e-02
  1.5049323e-02
 -2.3964930e-02
  1.3170781e-02
  3.6843386e-02
  1.3346308e-02
  1.3485420e-01
 -1.9090580e-02
 -6.3891888e-02
 -9.6709142e-03
 -8.5530289e-02
 -2.5386246e-02
 -8.2072111e-05
  7.2901621e-03
 -4.1462821e-03
  9.3172103e-02
  1.2152859e-02
 -2.5778119e-02
  2.1502458e-02
  6.1857235e-03
  5.1541952e-03
  2.6416779e-02
  1.1238473e-02
 -7.4340396e-02
  8.5396384e-04
 -3.6226085e-03
 -3.5653826e-02
 -1.7489369e-01
 -2.9453941e-02
  2.9647112e-01
 -1.2168559e+00
 -1.0041274e-02
 -1.0944797e+00
 -4.8595980e-02
 -5.6401566e-02
  2.1454148e-01
  7.4971244e-03
  9.1911629e-02
 -5.4931261e-02
  3.5282057e-02
  3.8003903e-02
  4.7451905e-03
  1.2879557e-02
  2.5684899e-02
 -4.2177521e-02
 -6.4852439e-02
 -2.3079500e-02
  2.2986375e-02
  1.7364837e-02
  3.5406262e-02
 -5.3593315e-02
 -1.2136128e-01
 -4.7759893e-03
  7.8791425e-02
  8.0735125e-02
  6.8892337e-02
  3.1415373e-02
 -6.7136828e-03
  1.4668708e-02
 -3.4078542e-02
  1.0263669e-01
  6.2291756e-02
  4.8681151e-02
  2.3794742e-02
 -3.0309027e-01
  1.0085040e+00
 -1.4368771e-01
  1.2422824e+00
  7.4422672e-02
  1.9568380e-02
 -5.5628400e-02
  6.1742067e-02
  2.1917591e-02
 -4.3854613e-02
  8.1578344e-03
  1.8873136e-02
 -3.2482907e-02
 -2.9714698e-02
  6.1258869e-03
  1.3795890e-02
 -2.5810570e-02
 -4.1142896e-02
  7.2958721e-03
  3.5601951e-02
  9.6986890e-02
  2.0252980e-02
 -6.8473071e-02
 -2.9855866e-02
 -1.4427833e-02
 -6.5494962e-02
 -5.4157924e-02
  5.0516143e-02
 -2.2315247e-02
  3.0495675e-02
 -1.4074713e-03
 -2.6564805e-02
 -6.2825553e-02
  9.3825385e-03
 -7.1329072e-02
  7.5065933e-02
 -1.2233679e+00
  1.2252002e-02
 -1.2141737e+00
 -5.4626111e-03
  3.4362648e-02
 -8.2058357e-03
  2.4363648e-02
  7.5346990e-03
 -2.8343338e-03
  8.7003205e-03
 -7.1875001e-03
 -2.7643695e-02
 -3.4317784e-02
  3.6009196e-02
 -1.0566166e-02
  1.2348806e-02
 -7.1409315e-02
 -3.1375550e-02
 -4.7930378e-02
 -1.6274948e-02
  1.9775763e-02
  4.6175949e-02
  2.4718101e-01
  3.8180415e-02
  1.7431892e-02
 -4.8352359e-03
 -3.7214063e-02
  1.7330753e-02
 -6.0009253e-03
  2.4310414e-02
  4.0278728e-03
  4.1889116e-02
 -1.1303470e-01
  2.3579016e-01
  2.9793603e-02
 -9.0866554e-01
  1.3959034e-01
 -1.0739851e+00
  5.0531714e-03
 -7.1249083e-02
  6.6837005e-02
  6.8778102e-03
 -1.6725617e-02
 -1.3523817e-02
  9.1557287e-02
  9.7447537e-02
 -4.4552039e-02
  6.6202991e-03
  2.3008654e-02
  1.3743705e-02
 -1.6348395e-02
  1.9057112e-02
  1.4597841e-02
 -2.7442301e-02
  8.8276483e-02
  4.7597267e-02
 -3.1255972e-02
  5.0179311e-03
  2.3064844e-02
 -6.0977999e-02
  2.2526104e-02
 -1.0223766e-02
  1.0424693e-01
  1.8196287e-02
 -1.3859589e-01
  1.6920729e-02
 -4.3140326e-02
  2.4808621e-02
 -7.6555973e-01
 -2.4051478e-02
  1.2389144e+00
 -4.7475012e-04
  1.2202513e+00
  2.0594554e+00
 -2.4863292e-02
 -5.1198695e-03
 -3.5150480e-02
 -2.0317614e-02
  1.1193742e-02
  2.6985271e-02
  8.0819083e-03
 -1.5277153e-02
 -6.3747093e-02
 -5.6949258e-02
 -7.7597104e-02
 -1.1005775e-01
  9.1805585e-02
 -4.9751803e-02
  3.0806777e-03
  3.4649834e-02
 -9.7560100e-02
 -1.8835120e-02
 -5.2170467e-02
 -1.6548863e-02
 -4.2602304e-02
  1.0716718e-01
 -4.4818781e-02
 -1.8374842e-02
  6.0430658e-04
  3.7821550e-02
 -1.9077150e-03
  1.4385794e-02
  2.4438923e-02
  1.3841961e-01
  3.6228707e-01
 -1.1909854e+00
  8.8680787e-03
 -1.3318691e+00
 -5.8350086e-02
  3.5352547e-02
 -8.2104630e-04
 -2.7206445e-02
 -7.3652565e-02
  1.0831062e-01
  3.0647758e-02
 -4.7801440e-03
  2.9294051e-02
  9.7565874e-03
  1.1109320e-02
  6.0177483e-02
  2.7453514e-02
 -2.5044013e-02
 -2.1947378e-02
  4.4274140e-02
  4.9230135e-03
  8.8382222e-02
 -4.5894146e-02
 -1.8065777e-02
  8.9085586e-02
  4.9080063e-02
  4.0798899e-02
  1.1350800e-02
  3.9930746e-02
  9.9729253e-03
 -9.6418979e-03
 -1.3727489e-02
  4.3882195e-02
  1.5284988e-01
  4.0444572e-02
 -8.0964118e-01
 -7.7663201e-01
 -3.4167272e-01
  9.9809748e-01
  1.0355905e+00
  1.6575893e-02
  2.9564181e-01
 -3.4426481e-01
  2.4944922e-01
  2.2133155e-01
 -1.7743929e-01
  4.9390611e-01
 -1.7052542e-01
 -8.8428581e-01
 -7.0219800e-02
  2.4414776e-02
  2.3782395e-01
 -2.2916630e-01
  1.9433056e+00
  1.3363477e+00
 -5.8829352e-02
  4.6354368e-01
  7.7316619e-02
 -1.5720356e-01
 -6.7909479e-02
 -1.6351122e-01
 -7.4877158e-02
  4.2708650e-02
 -2.3328258e-02
  7.2772793e-02
  4.2277190e-01
  2.9044170e-03
 -1.2198361e-01
 -1.0059840e-02
  3.4770049e-02
  6.8142181e-03
 -1.0195315e+00
 -7.1001919e-03
 -9.8565751e-01
  2.3065069e-01
  1.5899029e-02
 -1.0808986e-01
  7.3638242e-03
 -5.6923583e-02
 -1.0456288e-02
  1.4935063e-02
 -1.1947197e-01
 -2.7420370e-02
  6.9188558e-02
  1.4801671e-02
 -3.4619857e-02
 -8.6865336e-01
  1.1152061e-01
  3.3567481e-02
  2.6918892e-02
  2.0871866e-02
 -6.4300699e-03
  3.0778043e-02
 -5.1813468e-02
  3.2601140e-03
  4.8014939e-02
  1.9701064e-02
 -1.2600158e-02
  7.6905116e-02
 -4.5240954e-02
 -1.9449247e-02
  3.0655716e-02
 -5.5138938e-02
  1.1568972e-01
 -9.7015444e-03
  1.8548773e-01
 -1.1107942e+00
 -7.9756351e-03
 -1.0846503e+00
 -4.7120322e-02
 -1.5621166e-01
  9.7403949e-04
 -3.6119148e-02
  3.6322143e-02
  5.3841785e-02
  8.4497686e-03
  5.1545553e-02
 -4.3766416e-04
  3.2657418e-02
  4.9900670e-02
  4.0694913e-03
 -1.3840732e-02
  1.1926127e-02
  8.2336077e-03
 -4.1078173e-02
  8.6990204e-03
  4.9121726e-02
 -1.0892825e-01
  1.0358768e-01
  2.5974557e-02
  5.2903876e-02
  6.4661428e-03
 -4.0070862e-02
  1.5911996e-02
 -4.1204650e-02
 -4.2439111e-02
  5.3993594e-03
  4.1739449e-02
  2.5532449e-02
 -5.1917350e-03
 -1.9414318e-01
  1.3840954e+00
 -8.7828813e-03
  1.3553115e+00
  1.4605601e-01
  3.4356635e-02
 -3.3040658e-02
 -2.4032483e-02
 -5.4575980e-02
 -5.1099002e-02
  9.2417896e-03
 -7.3027477e-02
  1.1235352e-02
  2.7913081e-03
 -3.3803359e-03
 -1.6261460e-02
  3.0010205e-03
  2.5785370e-02
 -3.4715377e-02
  5.2803416e-02
 -8.2387276e-02
  3.9676316e-02
  6.7315221e-02
 -1.3140641e-01
  1.0377137e-01
  3.5676006e-02
 -1.3492665e-02
  1.0421794e-02
 -2.0910028e-02
  2.4500735e-02
 -3.0529469e-03
 -3.2704540e-02
 -2.1085464e-03
  5.1539049e-02
  3.5296630e-02
  8.6325604e-01
 -3.0929267e-01
 -1.3627861e-02
 -1.5505967e+00
 -7.7138317e-01
 -7.9942271e-03
 -2.4838001e-02
  3.6750920e-02
  1.2492848e-03
  2.5177164e-02
  1.6576916e-02
 -2.0398207e-02
  1.6820151e-03
  1.8241063e-01
 -5.8996167e-02
  2.7171420e-02
  4.6993145e-03
 -1.8084356e-01
 -2.6615489e-02
 -2.6682481e-02
  5.7798548e-04
  3.1485919e-02
  2.5214773e-02
  1.2170695e-01
 -2.1540024e-04
  9.0395228e-04
  3.6565479e-02
  7.2132194e-01
 -6.4011768e-02
 -1.7694036e-02
 -9.9940887e-03
  6.3027881e-02
  6.6550858e-03
  2.6810190e-02
 -3.3032924e-02
  2.8590071e-01
 -9.7604811e-01
  1.4079821e-01
 -8.5283232e-01
 -6.2189627e-02
 -6.5881461e-02
  2.3516599e-02
  2.5251269e-02
 -4.6068057e-02
  2.9108018e-02
  4.8347227e-02
 -6.7877672e-03
 -1.0419256e-02
 -2.3534270e-02
  4.4118676e-02
 -3.4652188e-02
  3.4848116e-02
  2.5173777e-03
 -2.5201501e-02
  1.9276749e-01
  5.5397335e-03
 -7.9346173e-02
  2.7958952e-02
 -6.9485143e-02
  2.6056100e-02
  6.8486161e-03
  3.7938803e-02
  1.1085792e-02
 -1.7923368e-02
 -3.2566502e-03
  4.5206223e-02
  4.3180902e-02
  4.5255492e-03
 -8.1664257e-02
 -2.0410800e-02
  3.6064193e+00
 -6.1321753e-01
 -1.1691649e-02
 -5.0861245e-01
 -1.2224333e-03
 -1.5154726e-02
 -9.0896361e-02
 -1.8210437e-02
  6.4386182e-02
 -4.4478718e-02
  2.6680149e-02
 -3.5076663e-02
 -1.9475687e-01
  3.8219504e-03
  1.8927000e-03
  1.6874289e-02
 -1.3859304e-02
  5.7466820e-02
  9.5987298e-02
  1.7424580e-02
  2.2227248e-02
  2.1048559e-02
 -1.2801127e-01
 -1.0321902e-01
 -4.0067364e-02
 -1.0149801e-02
  7.0765302e-02
  1.8013373e-02
  3.1120593e-02
 -1.9143621e-02
 -1.7536711e-02
 -2.2026315e-02
  3.6513284e-03
 -4.7442712e-02
  6.8292725e-03
  7.6895192e-02
 -1.1674498e+00
  3.5676360e-02
 -1.0890087e+00
 -6.2286306e-02
 -5.6902384e-03
 -3.9409208e-03
 -3.0487726e-02
 -1.0905915e-02
  7.1175143e-02
 -5.4005716e-02
  6.0843136e-03
 -3.5234049e-03
  8.2597107e-02
  5.2297946e-02
 -1.6394123e-03
 -2.4952287e-02
 -1.4925212e-01
 -8.8022258e-03
 -1.3708036e-02
 -3.0828601e-02
  5.6620590e-02
 -3.9964691e-02
  3.6041491e-02
  4.4950604e-04
  2.0867980e-01
  5.8162410e-02
 -1.3273488e-01
  6.1287899e-02
  3.7751824e-02
 -6.9363244e-02
 -4.8926570e-03
  1.4663317e-02
 -2.8702186e-02
 -3.3798482e-02
  2.3581679e-01
 -1.9986207e+00
  1.7070152e-02
 -7.9171383e-01
 -1.4935867e-01
 -4.0318821e-02
  3.2995805e-02
  4.7333809e-03
 -3.0274661e-02
  3.1201681e-02
 -3.3202380e-02
 -6.8779974e-03
  2.8838927e-02
  8.1921212e-02
  5.6059990e-02
  3.6820643e-02
 -4.0477766e-03
 -2.6990557e-03
  4.7867231e-02
  7.6939918e-02
  5.7765421e-02
 -2.1554008e-03
  3.1522193e-03
  2.3552509e-02
  6.7112811e-02
 -1.8008837e+00
 -6.4873837e-02
 -1.0193646e-02
  5.0105862e-02
 -4.8638925e-02
  2.9377081e-03
 -2.0876203e-02
 -3.5280816e-02
  1.3501287e-01
  9.6372887e-03
 -1.1811428e-02
 -9.7300947e-01
  5.0885025e-02
 -1.0098201e+00
 -1.8279284e-01
  7.0375404e-03
  1.3182294e-02
 -4.1581020e-03
  3.9952744e-02
 -2.3641484e-03
 -1.5175238e-02
  3.1002555e-02
  9.0463581e-03
  1.8731851e-02
  4.7504347e-02
  3.1818759e-02
 -1.3529584e-02
  6.3650794e-02
  7.0266780e-03
  4.3705385e-02
  3.8599300e-03
  1.6880061e-02
 -2.9441025e-02
 -1.6777815e-02
  2.5204044e-02
 -5.2975506e-02
 -4.7583212e-03
 -2.6607353e-02
  5.0957993e-02
  1.1520779e-03
  2.6879951e-02
  2.4018821e-03
  8.0718007e-03
 -8.1301841e-04
 -1.7677823e-02
  1.5130801e-01
 -1.3853889e+00
  1.1820917e-01
 -9.8503172e-01
  1.8026453e-02
 -3.5296162e-03
  8.6844601e-02
  1.2028863e-02
  5.2790891e-02
 -1.5881397e-03
  6.1463084e-02
  1.7704209e-02
  3.9634988e-02
  3.5537418e-02
  8.7156609e-02
 -5.0687689e-02
 -5.9146948e-02
 -1.3796944e-02
 -7.0606093e-03
  2.7483432e-02
  1.7164091e-02
  2.9032284e-02
  3.5019424e-02
 -3.4917232e-02
 -7.3365988e-03
  1.7015355e-02
  3.3296589e-02
  2.0924537e-02
  3.2955583e-02
  4.6713442e-02
  6.3775137e-02
  3.9689399e-02
 -2.0999671e-03
 -4.1833717e-02
  3.1152440e-02
  2.2024025e-01
 -4.7368896e-01
  9.9176295e-02
 -1.9588354e+00
  2.6301123e-02
  4.3073870e-02
  8.8505419e-03
  9.3986504e-03
 -8.2907304e-02
 -2.8715445e-02
  1.5628535e-02
  1.2008995e-02
  8.1912510e-02
  2.1917477e-02
  4.7141146e-02
 -5.6565519e-02
 -1.5889822e-03
 -1.8912949e-01
  9.9537019e-03
  4.4323657e-02
 -2.7563686e-02
 -8.3492519e-03
  5.2874710e-02
 -1.6970932e-02
  6.6833079e-02
  1.2596915e-03
 -2.9799111e-02
  1.4334382e-02
 -7.5178161e-02
 -1.4002089e-02
  3.0184975e-02
 -3.3371989e-02
 -1.5279399e-02
 -1.6271524e-02
 -1.7116567e-02
  4.2597417e-02
  1.1849407e+00
 -3.6780491e-02
  1.2585670e+00
  1.0886229e-01
  5.0575454e-02
  1.3518855e-02
  2.0315966e-02
 -6.8505906e-02
  9.2315681e-02
 -4.5645051e-03
  6.0627017e-02
  3.3289236e-03
 -2.2627037e-02
  7.1701691e-02
 -2.2033611e-02
 -7.0298612e-02
 -2.0539671e-02
 -3.6809981e-02
 -9.0307361e-03
 -1.0355201e-01
  5.0842084e-02
  2.3099594e-02
  5.6545421e-02
 -1.2308590e-01
  8.9828195e-03
  5.1774602e-02
  2.8495938e-02
 -2.3715183e-02
  2.3506975e-04
 -1.0750208e-02
 -1.7321563e+00
  3.6799952e-02
  3.7427321e-02
 -4.7616590e-02
 -7.3571138e-02
  1.1816798e+00
 -5.7463806e-02
  8.7387991e-01
  8.7490221e-03
 -2.8717780e-02
  1.5171790e-02
 -2.5235968e-02
 -8.3399378e-02
  4.8794365e-03
 -2.4590025e-02
 -1.6642811e-02
 -1.7442163e-02
 -3.0386576e-02
  1.6326968e-02
 -6.5384604e-02
  1.7452903e-02
 -1.1559541e-03
 -4.7828186e-02
 -8.8606544e-02
  2.4976429e-02
 -2.0177903e-02
  2.0549290e-02
 -4.6709456e-02
 -4.0982764e-02
 -7.1363345e-02
  3.9213575e-02
 -2.4386975e-03
 -5.5828863e-03
 -2.1477969e-02
 -6.1066438e-02
  1.8543156e-02
 -1.2756111e-02
  8.3450330e-03
  2.5180302e-04
 -4.6878595e-02
  1.1344056e+00
 -1.3068343e-04
  1.3760284e+00
  2.0943454e-02
 -4.5653433e-02
  1.5243704e-02
  1.2246067e-01
  2.5428791e-02
 -1.5506290e-02
 -8.3976857e-02
 -3.4940474e-02
  7.8907304e-02
 -9.5525933e-03
  1.1140716e-02
 -1.6813437e-02
 -1.2632369e-02
 -3.8203899e-02
 -4.5040071e-02
  6.1248284e-02
 -3.3960529e-02
  3.3339258e-02
 -1.0381672e-03
 -6.0574085e-02
 -4.1917237e-03
 -7.8342378e-02
  1.2706672e-02
 -7.7266418e-03
  1.2040523e-01
  2.6058123e-02
  2.3245459e-02
  2.8649034e-02
  3.9376370e-03
 -4.7631573e-02
  2.3065913e-02
  1.6786628e+00
  1.2469344e+00
  1.7308377e-01
 -1.0065600e+00
 -7.5587541e-01
 -1.4487092e+00
 -2.9191765e-01
  5.3301211e-02
 -2.8545982e-01
  2.7601987e-01
 -2.7762672e-02
 -4.3140298e-01
  1.3754677e+00
  1.0199327e+00
 -4.9857262e-01
 -2.5952587e-01
 -6.0839307e-01
  1.4020646e-01
 -1.6805166e+00
  1.3487362e+00
 -4.3537378e-02
 -3.2878613e-01
 -1.8671168e-02
 -3.2075444e-01
  5.5967033e-01
  8.0127910e-02
  3.8231972e-03
  1.1206244e-02
 -5.0552081e-02
 -7.7942304e-02
  2.6919324e-02
 -1.2006641e-02
  2.1509395e-03
  4.7844771e-02
  1.7777186e-02
 -4.5480335e-01
  1.1073482e+00
 -9.9668555e-02
  1.1530375e+00
  4.4801436e-02
  1.8065725e-02
  6.2771730e-02
  2.7111804e-02
  2.6621962e-02
  5.6343548e-02
 -1.9301472e-02
  3.8877910e-03
  5.1186625e-02
  7.0344307e-03
 -2.0725571e-02
  7.2854497e-02
  1.5238262e-02
  3.7513126e-02
  1.7722132e-02
  6.1267973e-03
  8.9530479e-03
 -1.3336645e-02
 -8.9599296e-02
  2.9298080e-02
 -5.9163831e-03
  5.7876159e-02
 -1.4310269e-02
  5.7593216e-03
 -5.3942639e-02
 -8.3777867e-03
  1.9218521e-04
  3.4356005e-02
  2.0312972e-02
  5.8005840e-02
 -1.7344076e-02
 -1.2614946e-01
  1.3363729e+00
 -5.8263303e-03
  1.1179104e+00
  1.2883484e-01
  1.2731072e-02
  4.5037836e-02
 -1.0918195e-02
  1.1477792e-01
  2.2149794e-02
  2.8028574e-02
  3.8551528e-04
  3.5967820e-04
 -4.1622903e-02
  9.3977697e-02
 -1.1733539e-01
  6.0045025e-03
  7.8990590e-03
  1.1388145e-02
 -7.5305633e-02
  9.3044741e-03
 -1.9542648e-02
  5.8638092e-02
 -6.0348134e-02
  7.0391502e-04
  4.8353180e-02
 -1.4105282e-02
 -2.6202375e-02
 -5.6247618e-02
 -1.1863212e-01
 -6.1757308e-03
  7.1665696e-03
 -1.5950775e-03
 -1.2423065e-02
  5.7823204e-02
  8.7712994e-03
 -1.1214678e+00
  2.0290179e-02
 -1.1519463e+00
  2.4130321e-03
  9.0513462e-03
  4.9811110e-02
  5.5169570e-03
  7.4995056e-02
  6.2409062e-02
  2.8526444e-02
  8.5670879e-04
 -1.5295559e-01
  3.2148574e-02
  1.0194135e-01
  4.0176738e-02
 -4.6075523e-02
  2.3586962e-02
 -5.3340841e-02
 -5.2239742e-02
  4.3698668e-02
 -2.5833244e-02
  3.3621859e-02
  1.4881055e-03
 -1.6870705e-02
  2.4055743e-03
 -5.8471508e-02
 -5.4454435e-02
  7.9228967e-02
  5.1557884e-02
  2.8813133e-02
  4.0574437e-03
  3.3819292e-02
  2.5259603e-03
  1.5131952e-02
  2.2379906e+00
 -1.4266402e+00
 -6.0097235e-01
  1.1178612e+00
  1.9253922e+00
  2.8500445e-02
  5.1608986e-01
 -6.5043265e-01
 -1.6607551e-01
 -4.4459102e-01
  1.4340423e+00
  2.2621477e-01
  2.2842390e-02
 -2.3483925e-01
 -3.3343632e-02
 -2.4884103e-03
  1.0015421e+00
  2.0106463e-01
  1.0748580e+00
  7.4800044e-02
 -2.0613333e-03
  9.6897018e-01
  7.0066279e-01
 -5.5678958e-01
 -2.3844594e-01
 -6.8261358e-04
  2.5795558e-02
  4.8437016e-03
 -1.7658024e-01
  1.2543869e-03
 -3.7606265e-02
 -3.1877724e-03
 -6.3614734e-02
  3.2091383e-02
 -1.7673571e-02
 -3.7365150e-01
  1.4459661e+00
 -1.2902173e-01
  1.1045817e+00
  3.3571109e-02
 -3.1016654e-04
  1.9594105e-03
  4.3565924e-03
 -4.3377928e-02
  4.9249556e-02
 -5.7482671e-02
  1.4384980e-02
  1.1517231e-02
 -3.1250697e-03
 -4.9187992e-02
 -5.8865320e-02
  1.1079094e-02
  5.8437847e-02
 -1.6987193e-03
 -6.1206948e-02
  4.7382601e-02
 -4.4404559e-02
 -2.6697358e-02
 -8.4085062e-02
 -1.0433443e-01
  6.3652992e-03
  6.9190040e-03
 -1.4076854e-02
 -1.7067501e-02
  1.7112430e-02
 -7.8649279e-03
 -6.2848618e-03
 -5.2078888e-02
 -2.8765643e-02
 -1.4346580e-01
 -2.7942462e-02
  8.3004338e-01
 -6.3296109e-02
  2.6103253e+00
  3.1645091e-03
  4.9041878e-02
 -1.7247440e-02
  3.2967191e-02
 -2.9926738e-03
 -8.8364005e-02
  7.6490119e-02
 -7.3821098e-03
  1.3837192e-02
 -2.5984744e-02
 -2.4026619e-02
  2.8182594e-02
 -9.0974413e-02
  4.5771707e-02
  3.9102617e-03
 -2.8116358e-02
 -6.2273070e-03
  6.3868141e-04
 -5.8957685e-02
 -4.0859841e-02
 -4.9466059e-02
 -6.7076541e-02
 -2.5963839e-02
  5.1458094e-02
  1.2661153e-02
  4.5053396e-02
 -1.7434545e-02
  7.7541210e-02
  3.1275872e-02
 -4.7681078e-02
 -8.4690768e-03
  5.0029892e-02
 -1.2647389e+00
  1.4625563e-01
 -1.2178190e+00
 -3.6970407e-02
 -1.2879282e-01
 -1.5528063e-02
  3.6905516e-02
  4.7348361e-02
 -2.2011554e-01
 -3.1045111e-02
 -1.1731470e-01
 -5.0062008e-02
  6.2663388e-03
 -1.4761129e-02
  2.7942792e-02
 -2.4261562e-02
 -2.4765003e-02
 -7.8336902e-02
 -1.1092893e-02
 -6.5813690e-02
  1.1387733e-01
 -1.6549658e-02
 -1.6209604e-02
  4.1189626e-02
  5.7967115e-02
 -7.6502010e-02
 -3.5995130e-05
  2.7098774e-03
  1.2089824e-03
  1.9841975e+00
 -2.8334685e-02
  1.3645069e-02
  1.4028273e-02
 -1.9198298e-03
  9.5428087e-02
 -1.2100155e+00
  3.0363651e-02
 -1.2449951e+00
  4.5372777e-02
  8.1779892e-03
  1.2210664e-02
 -5.4942048e-03
  4.5112465e-02
  1.4459033e-02
  5.4525200e-02
  1.1886035e-02
  2.1160398e-02
  1.2227777e-01
  2.6196336e-02
 -5.8719673e-04
  1.3109149e-01
 -3.6739238e-02
  1.0994837e-01
 -3.5250474e-02
 -2.8988963e-02
  9.2487363e-03
 -2.3504820e-02
 -1.3420209e-02
 -1.8672062e-02
  6.6429384e-02
 -3.6239192e-02
  1.4520526e-02
  5.4059096e-02
 -1.2285350e-02
 -4.5349980e-03
 -3.4911595e-02
  1.5344542e-02
 -2.4056643e-02
  5.7924669e-03
  6.2989742e-02
 -1.3661777e+00
  2.7204785e-02
 -1.5924666e+00
 -4.4324840e-03
 -1.5497500e-02
  3.3729672e-02
  1.4716779e-02
 -2.4030009e-02
  2.4968131e-02
 -1.1231685e-02
 -2.4376951e-02
  2.8607681e-02
 -1.7292447e-01
 -6.5200594e-03
 -4.7560457e-02
  6.2241714e-02
 -8.3049595e-02
  1.7329767e-02
  4.0691376e-02
  1.0724079e-01
 -4.9817331e-02
 -7.7448715e-03
  6.3540280e-02
  4.4364911e-02
  6.6938050e-02
 -2.4779856e-02
  2.4246793e-02
 -1.1210214e-02
  6.0118064e-02
  1.4766608e-02
 -5.1288292e-02
  4.9878678e-01
 -2.5772264e-03
 -1.6126450e-02
  1.3801499e-01
 -1.3164501e+00
 -2.4369699e-03
 -1.3348601e+00
 -6.3397087e-02
  6.1660212e-02
  3.2773583e-05
  6.6559307e-02
  7.9325505e-02
  3.7302826e-02
 -1.9137166e-02
 -8.4896181e-03
  4.3000661e-02
  1.9259123e-02
 -6.7064278e-02
 -2.3476494e-02
  2.4719913e-02
 -1.3153289e-02
 -3.4438301e-02
 -2.4546035e-02
  1.9007223e-02
  4.0822927e-02
 -3.6334131e-02
  2.8342986e-02
  6.1870322e-02
 -5.2009518e-03
 -2.4450019e-02
  5.1161930e-02
  6.5433532e-02
  6.2672021e-03
 -1.8705878e-02
 -6.0213670e-02
  8.9306356e-03
  2.2852430e-02
 -1.8775612e-02
 -3.4651119e-02
  1.2169976e+00
  1.7569363e-02
  1.2292396e+00
 -2.9648475e-02
  3.0612925e-02
 -4.3194029e-02
  4.0638978e-03
 -1.7386451e-02
 -1.0801202e-03
 -5.5924710e-02
 -4.3851588e-02
 -3.2376666e-02
 -2.8166499e-02
  2.4023067e-02
 -2.1465804e-02
 -3.6082547e-02
  1.5119890e-02
 -2.7519677e-02
 -6.7009954e-03
 -4.2921200e-02
  3.1761318e-02
  4.0965941e-02
 -2.8501695e-02
  1.1023079e-02
  2.5033543e-02
  3.8446508e-02
 -1.3436053e-02
  7.2265356e-03
 -3.4901578e-02
 -1.4719634e-02
 -2.2503264e-02
  8.0084622e-02
 -6.9964744e-02
  3.1775188e-02
  8.3759621e-02
 -1.2396117e+00
  8.4755160e-02
 -1.0809495e+00
 -2.7633604e-02
  2.3889028e-02
 -5.1987685e-02
 -1.2644909e-01
 -1.3060707e-02
  1.0197929e-01
  1.7036151e-02
 -8.0574699e-02
  4.1935169e-03
  9.4890103e-02
  4.7677318e-03
 -6.2973248e-03
 -2.4999583e-02
  2.1293927e-03
 -3.5158716e-02
  1.6401134e-02
 -1.1661984e-01
  3.8241234e-03
 -2.6380368e-02
 -3.3923168e-02
  2.7706217e-02
  1.5863404e-02
 -4.8747405e-02
 -7.0621260e-03
 -9.5633626e-02
 -9.7212000e-03
 -1.2446958e-02
  5.0085150e-03
  4.9114186e-02
  2.3960751e-02
 -1.8295660e-03
 -9.2172050e-01
  1.5223662e+00
 -2.6174523e-02
  4.5808190e-01
  1.3797127e-01
  8.6189069e-02
 -3.5010375e-02
  5.4379869e-02
 -1.2766925e-01
  8.7076977e-02
 -7.3906749e-02
  1.5708340e-02
 -1.0447199e-02
  1.4269407e-02
 -7.1890436e-02
  3.3762027e-02
  5.6524603e-03
  3.1667199e-02
 -2.2361234e-03
  2.4286639e-02
  6.8849223e-03
  1.8277889e-02
 -3.3776477e-02
  5.6488749e-02
  8.0808289e-03
 -4.4407370e-03
  1.0689714e-02
  4.2954165e-02
 -1.1341609e+00
  4.6803514e-03
 -5.6001000e-02
 -1.1156938e-02
  2.0191992e-02
  1.8575912e-02
  2.2547267e-02
 -2.5017568e-01
  1.4019580e+00
 -3.1752955e-02
  1.0415782e+00
  2.3396811e-02
  9.6958922e-03
 -2.3834225e-02
 -3.0401297e-02
  3.4808308e-02
 -6.5144990e-03
 -3.3612106e-02
  6.3723609e-02
  1.7754944e-02
 -1.5329188e-02
 -5.0406724e-02
 -2.3300699e-03
 -3.5064165e-02
  9.4889328e-02
 -2.0792725e-02
 -8.6337753e-02
 -1.8242499e-02
 -1.0889818e-01
 -2.3159890e-02
  4.3973257e-03
  7.8160875e-03
  4.1850045e-02
  7.0231691e-02
  1.1639839e-02
  2.0802186e-03
 -3.4424957e-02
  6.3615121e-02
  2.3101915e-02
 -2.7043603e-02
 -1.0719268e-03
  2.0697764e-03
  1.3761652e-01
 -1.4052699e+00
  7.2196597e-01
 -6.5734118e-02
 -1.8843050e+00
  1.9196952e-02
 -2.7070157e-02
 -4.3664882e-03
  4.1056436e-01
  9.9889681e-02
  1.1980073e-01
 -5.6260657e-01
  1.0170099e-02
  4.7873151e-02
  2.9618850e-01
 -6.8666416e-01
 -8.9724672e-01
 -1.8365219e-01
  1.8253298e+00
  8.3267584e-02
  2.7264435e-02
 -3.4402989e-02
 -9.6636891e-01
  9.5235831e-01
  2.7952865e-03
  3.9182011e-02
  9.0520047e-03
 -5.1913443e-03
  3.6826223e-02
  4.4850918e-04
  2.3398003e-02
 -2.5266584e-02
 -1.2113358e-01
  9.7735710e-02
 -2.3359589e-02
  1.0792193e-01
 -1.0657126e+00
  5.5795688e-02
 -1.0261678e+00
 -2.1316888e-02
 -3.9096795e-02
 -7.2071031e-02
 -5.8574852e-02
 -4.5823101e-02
 -2.4781989e-02
 -2.8344391e-02
 -4.7863297e-02
  5.0532073e-02
 -4.9484195e-03
 -8.0173695e-03
 -3.0951530e-03
 -1.7156443e-02
  3.1728786e-03
  4.5446157e-02
  1.7527025e-04
 -8.4938394e-04
 -5.1619742e-02
  1.9611979e-02
 -1.5994746e-02
  4.2746007e-02
 -4.6273176e-02
  8.2636988e-03
  1.8308707e-02
 -5.0522037e-02
  1.4859987e-02
 -3.0997228e-02
  1.8833548e-02
  3.6256965e-03
 -1.3962387e-01
 -7.4920743e-03
 -1.1559950e+00
 -6.8923140e-01
 -2.4856173e-01
  2.5523002e+00
  7.6017809e-01
 -1.5291426e+00
 -7.6577120e-02
 -6.2914388e-03
 -4.8937076e-03
 -4.8529822e-03
 -2.0700479e-01
  1.1122499e-01
 -2.4964631e-02
 -4.2162988e-02
  5.4333195e-02
 -4.5419402e-02
 -1.4255047e-02
  1.1126270e-03
 -1.0121733e-01
 -7.2073855e-02
  1.6343657e-02
 -3.9751269e-03
  6.2979802e-02
 -5.2828558e-02
 -7.4203471e-03
  4.0205866e-02
 -9.2842229e-02
  1.8207058e-02
  6.3503738e-03
 -1.9505363e-03
 -1.4446361e-03
  2.5198879e-02
 -8.1310300e-03
 -1.9723177e-02
  2.9995473e-02
 -9.7255267e-02
  1.2191992e+00
 -9.6174441e-02
  1.5662684e+00
  5.1538587e-02
 -4.0489558e-02
  5.4077167e-02
  3.5052422e-02
 -5.9181534e-02
  1.1832830e-02
  9.5958926e-02
  2.6030261e-02
  2.9109910e-02
 -1.1955594e-02
 -1.3031504e-02
 -9.3991710e-03
  6.4021135e-03
 -7.4813515e-02
 -5.4875449e-03
 -1.6975710e-02
 -1.2472452e-03
 -5.8853836e-03
 -3.3023199e-03
 -3.5861474e-02
 -1.9223548e-02
 -1.1974369e-03
 -3.6442574e-02
 -1.1471194e-02
 -4.3906500e-03
 -7.3237438e-03
  8.7021710e-04
  2.5367180e-02
  7.8623718e-01
  5.5926234e-02
 -2.5899369e-02
 -3.4199275e-02
  9.6701109e-01
 -4.7072978e-03
  1.0858784e+00
 -4.0077407e-02
  3.9971161e-01
 -1.9018112e-03
 -4.0035184e-02
  7.2222106e-02
 -1.2397941e-03
 -5.6079081e-03
  1.5695671e-03
  8.3115445e-03
 -6.6527195e-02
 -2.8602919e-03
 -6.3469343e-02
  8.1141768e-03
  3.0887520e-04
  1.1829002e-02
  6.7460261e-02
 -1.9527972e-02
 -3.1111954e-02
  3.1646255e-02
 -4.0119537e-03
 -4.2337198e-02
 -8.6179161e-03
  1.9138383e-02
 -1.1468554e-01
  2.2765856e-02
  1.2237040e-02
 -2.7391505e-03
 -2.6728161e-02
 -2.5447210e-02
  1.7414792e-02
 -7.8970551e-02
 -2.8710249e-01
  1.1765121e+00
  1.8440880e-02
  1.0849628e+00
  4.9135216e-02
  4.3324955e-02
  5.5498665e-04
 -3.2089137e-02
 -4.0822472e-02
  1.2217415e-01
  3.7974976e-02
  2.4707306e-02
  2.2860942e-02
 -3.4191698e-02
 -9.1568813e-02
 -2.5181087e-02
 -5.7503455e-03
  3.3360872e-02
 -1.4050080e-02
 -3.6715526e-02
  2.8613308e-03
 -2.8628271e-02
 -2.5388866e-03
 -1.4500942e-02
 -7.7290863e-02
 -4.2949423e-02
 -1.6809255e-02
 -6.2885463e-02
  3.6528111e-02
  6.4296812e-02
  4.1087445e-02
  2.2726744e-02
  1.0027173e+00
 -3.2393478e-02
  5.6648128e-02
  5.5684209e-02
 -3.7400264e-02
 -1.6300905e-02
 -7.9813093e-02
 -4.8489332e-02
 -4.5023791e-02
  5.2532557e-02
  3.5788868e-02
 -8.0670910e-03
  1.7451192e-01
  7.7470504e-02
 -5.9305109e-02
  6.9764513e-03
  1.1005354e-01
  5.8470997e-03
 -4.8088074e-02
  1.6119704e-02
 -2.6766531e-02
 -7.7422023e-02
  3.5925686e-02
 -6.2254049e-02
 -3.5480250e-02
  8.7485634e-02
  5.1936056e-02
  8.4269963e-02
  1.8604640e-02
 -2.9985225e-02
  1.5049574e-03
  8.4272817e-02
  2.6432274e-02
  1.1382440e-02
 -2.3892233e-02
  2.5285343e-02
 -3.9072264e-02
 -4.1351929e-02
 -5.5430323e-02
 -1.1232010e+00
  6.7711778e-02
 -1.0163033e+00
 -4.3339584e-02
 -3.5079721e-02
  8.1987157e-02
  1.8834710e-02
 -1.7628994e-02
  6.2855259e-02
  7.5166807e-02
  3.0937020e-02
  4.9907357e-02
 -1.2090245e-02
  8.7778555e-04
  3.1537551e-02
 -2.0339977e-02
 -2.2518951e-02
  5.3384170e-02
  5.4875556e-02
 -3.5720244e-02
 -5.2231137e-02
  5.3287577e-02
  2.6523693e-02
  3.4335554e-02
  1.1930908e-02
 -8.9817988e-03
  1.0014907e-02
  3.9959610e-02
 -3.7664376e-02
  2.3650825e-03
  6.2713452e-02
 -2.1853402e-02
 -2.4580261e-02
 -6.1287586e-02
 -6.5630689e-02
  1.0620385e+00
 -2.6284600e-02
  1.1089560e+00
  1.2341012e-02
 -2.1239948e-02
  3.2891349e-03
 -3.7303288e-02
 -1.5400825e-02
  3.8312517e-02
  5.3895228e-03
 -6.4825392e-03
 -1.0857631e-01
  1.9011479e-02
 -7.1120247e-02
 -1.4357844e-01
 -3.5225131e-02
  3.0296415e-02
  6.5468666e-03
 -4.2581033e-02
  1.7920392e-02
  2.5361139e-02
 -3.7909277e-02
 -3.4094527e-02
  1.0584407e-03
  3.4075674e-02
 -7.9848044e-02
  1.4047160e-02
  4.4658728e-02
  7.7644031e-04
 -1.0455933e-01
 -3.8040385e-02
  2.5927722e-02
  5.2799960e-03
  2.1716272e-02
 -1.2059514e-01
  8.8343817e-01
 -1.8246707e-02
  1.0555195e+00
  2.1573602e-01
  9.7293453e-03
  3.6348888e-01
  7.2958949e-03
 -7.6737121e-02
 -4.5871463e-02
 -6.2899306e-02
 -7.0370579e-01
 -1.0653648e-02
 -1.0873673e-02
  3.9232749e-02
 -2.3398234e-03
 -3.0516615e-02
 -1.3151215e-02
  4.5587006e-03
  1.7048087e-02
 -1.1348150e-03
 -2.7091531e-02
 -1.7769907e-03
 -1.6912509e-02
 -2.5293639e-02
  2.2205373e-02
  9.6357260e-03
 -5.4754160e-02
 -4.5956779e-02
  5.1682044e-02
  7.8937048e-03
  4.9103685e-03
  5.8711562e-03
  4.1987956e-02
  7.0588738e-03
 -4.5949590e-01
 -6.0097975e-01
 -1.1875860e-02
  7.6846164e-01
  8.6601257e-01
  3.6222762e-01
  7.4269867e-04
 -7.5775817e-02
  2.7980078e-02
  6.9802990e-03
 -1.0314840e-03
  2.1967404e-03
 -9.7292021e-02
 -1.2980098e-02
 -5.9839312e-02
  6.7551300e-02
  3.0105773e-02
  1.1373595e-01
 -3.8810179e-03
  6.4652120e-03
  9.9623114e-02
  9.2302030e-03
 -1.8841792e-02
 -2.5511451e-02
 -1.9632159e-02
  8.7398291e-03
  4.2067543e-03
 -4.6089392e-02
  7.0255189e-03
 -1.6971898e-03
  5.1204804e-02
 -2.8381331e-02
  4.3130172e-03
  4.1632909e-02
  2.6892622e-03
 -3.6551457e-02
  1.0923851e+00
  5.4626483e-03
  1.2160854e+00
  2.2359384e-02
  1.7559815e-02
 -2.7326340e-02
 -5.7430025e-03
  1.5453462e-02
 -1.0065930e-02
  1.1032595e-02
  5.5854369e-02
 -1.4449396e-02
 -6.1493726e-03
 -2.0302521e-02
 -6.2631026e-02
 -1.0927285e-01
 -4.7176801e-02
 -9.0139965e-03
  8.0813430e-03
 -1.2354326e-03
  1.6679527e-02
 -2.6512465e-02
 -2.9389737e-02
  1.4631273e-02
 -3.4341939e-02
  9.3523096e-03
  1.0023145e-02
  1.5927339e-02
 -3.2593105e-02
  1.7692354e-02
  2.0108227e-02
 -1.5661016e-02
 -3.9730333e-02
 -4.6619024e-02
 -1.4519452e-01
  1.7106274e+00
  4.2144403e-02
  9.5679379e-01
  1.7346217e-03
  8.2763899e-03
  5.1004761e-03
 -7.6723355e-03
 -6.1237238e-02
 -2.1738498e-02
  2.8197665e-02
 -3.1547940e-01
 -7.0651188e-02
 -7.1868807e-02
 -4.3496598e-02
 -5.4874588e-02
  4.1483562e-02
 -2.9019359e-03
  1.3911888e-01
 -4.6188924e-02
  4.4157789e-03
  2.6064679e-02
  3.5247516e-02
  3.2016348e-02
  1.5244133e-02
  1.7950200e-02
 -9.5070727e-02
  5.5462983e-02
  5.2516460e-02
 -1.9094497e-02
 -1.1503998e-02
 -9.5043726e-02
  3.1607583e-02
 -1.9179134e-02
  4.5090534e-02
  2.2516523e-01
 -1.4138184e+00
 -3.2993611e-02
 -1.2773525e+00
 -3.3567283e-01
 -5.8998924e-02
 -2.7899060e-01
 -1.7449295e-02
 -3.8629245e-02
 -1.0720194e-02
  4.8722103e-03
 -5.1152501e-02
 -6.4923214e-03
 -6.5562809e-03
  7.3317111e-02
 -1.0234962e+00
 -1.5313786e-02
 -4.0076837e-02
 -9.4010793e-03
  6.9470853e-03
 -1.8952605e-01
  5.8351640e-02
  6.4324163e-02
  2.0604262e-03
 -8.0476952e-04
  6.7627039e-03
 -4.3836188e-02
 -8.8572446e-03
 -1.8270096e-02
 -1.0542710e-02
 -2.0262538e-02
 -6.2520936e-02
 -1.2295428e-02
 -6.4957477e-02
  1.0214024e-01
  2.2053521e+00
  1.2117938e+00
 -7.4759901e-01
 -4.5578325e-01
  1.6455796e+00
 -1.1940253e+00
 -1.1895669e+00
  1.3076979e+00
 -9.9826330e-01
  1.3366652e+00
 -1.4462794e+00
  1.3665937e+00
 -1.4400890e+00
 -1.1024135e+00
  6.8150395e-01
 -1.2748146e+00
 -1.2708127e+00
 -1.4052397e+00
 -1.6478448e+00
  1.5566976e+00
 -1.0463039e+00
 -1.2146969e+00
 -9.9719030e-01
 -1.3150879e+00
 -9.6712351e-01
 -1.3731115e+00
 -1.2736318e+00
 -1.2584325e+00
  1.3218428e+00
  1.3610735e+00
  1.3635430e+00
 -9.9632877e-01
  1.1686265e+00
  1.3772892e+00
 -1.4398315e+00
  2.3604279e+00
  1.3031687e+00
  6.3132381e-01
 -1.3964189e+00
 -1.3572900e+00
 -1.2002577e+00
 -1.2851268e+00
  1.2945591e+00
 -1.6225435e+00
  1.5555366e+00
  1.2898648e+00
 -3.7401313e-01
 -1.4282749e+00
  3.9106265e-01
  1.2413107e+00
  1.0098684e+00
  1.2023498e+00
 -3.8422945e+00
 -1.7176036e+00
  1.2199649e+00
  1.3406917e+00
  2.6929419e+00
  1.2987344e+00
  9.0122765e-01
 -1.1845943e+00
 -4.8171589e-01
  2.5610745e-01
 -9.3356818e-01
 -3.9076257e-01
  3.2356715e+00
 -4.7735038e-01
 -1.8358666e+00
  9.9247384e-01
 -2.6622850e-01
  2.0637112e+00
 -3.3971550e+00
  1.5039680e+00
 -2.4537866e+00
 -4.8606208e-01
  1.5230784e+00
 -2.5611422e+00
  6.1341542e-01
 -1.0888009e+00
 -4.2339072e+00
  5.1105890e+00
 -6.2446022e-01
 -6.2103719e-01
 -1.7047309e+00
 -1.5464451e+00
 -1.8424007e+00
 -1.0175581e+00
 -1.6832274e+00
 -2.2867041e+00
  1.3168159e+00
  1.1334678e+00
  2.7299256e+00
 -5.5694818e-01
  1.3096780e+00
  2.4382393e+00
 -1.7895643e+00
  1.1953639e+00
  2.4565916e+00
  2.2118714e+00
 -2.6602852e+00
 -2.3419096e+00
 -4.5145907e+00
 -2.4830928e+00
  1.6150075e+00
 -2.3455198e+00
  2.6924138e+00
  2.4846785e+00
 -1.0763466e+00
 -1.1475005e+00
  9.4054109e-01
  3.2232535e+00
  5.2694225e-01
  1.7523036e+00
 -9.7926390e-01
 -2.3305514e+00
  1.0280387e+00
  1.4034940e+00
  1.8831189e+00
  1.7800282e+00
  1.0367104e+00
 -3.1391981e+00
 -1.2537311e+00
 -1.1140569e+00
 -3.0389173e+00
 -3.5751023e+00
 -7.2416705e-01
 -5.0131317e-02
  2.8042758e-02
 -2.9915136e-01
 -1.1589788e-02
  1.0742531e+00
 -2.7318695e-01
 -1.8502144e-02
 -6.4370018e-01
 -7.3416129e-02
  4.0885966e-02
  4.5426302e-02
 -1.0607966e-02
 -1.8764521e+00
 -1.2025108e-01
 -1.8333188e-01
  6.0511470e-01
 -3.8762826e-02
 -1.0991844e+00
 -5.5285834e-02
  2.1190338e-01
  7.5873338e-02
  2.6993243e-02
  5.4553289e-02
  4.4802534e-03
  7.0361488e-02
 -8.6895227e-03
 -1.1176978e-01
 -9.9456318e-02
  8.6887486e-02
  2.3901446e-02
  1.7392825e-01
  2.4184921e-01
  3.4415055e-02
  2.1197075e-01
  7.0828669e-02
  5.2029058e-02
  1.5173738e-02
  1.4898409e-01
  1.6549284e-02
 -6.3812651e-02
 -1.0167836e-01
  2.9333068e-02
  8.3172552e-02
  7.6096341e-02
  1.8064644e-02
  4.9678389e-02
 -6.1865337e-02
  5.6360120e-01
  7.2180614e-02
 -2.8017652e-03
  7.8794710e-02
 -2.2448758e-03
  1.1216340e-01
 -3.2545615e-02
  1.6263425e-02
  4.6333851e-04
 -6.0046781e-03
 -3.5167426e-02
 -1.1380002e-02
 -4.6964204e-03
  1.7705550e-02
  7.2062396e-02
 -3.1467799e-02
  5.0487136e-03
 -6.2633589e-02
 -1.1872579e+00
 -1.9792265e+00
 -8.4276772e-01
  6.1622036e-01
  2.2303798e+00
 -2.2711229e-02
  1.6840106e-03
  4.3675631e-02
  5.1633185e-01
 -5.8506943e-02
 -3.8074993e-02
  8.4314145e-02
  6.8288177e-02
 -4.5461658e-02
 -3.6675911e-03
 -2.3714656e-02
 -1.8670161e+00
  1.9231986e-01
 -1.7286016e-01
 -9.5336623e-02
  8.5714133e-04
 -3.2945681e-02
  6.6471547e-02
 -4.1744995e-01
 -4.0300348e-01
 -2.7104903e-02
  4.0651825e-03
  6.9996230e-02
 -1.9137317e-03
  3.3112973e-02
  2.8512374e-02
  5.6766599e-02
 -2.4116855e-02
  4.3790799e-02
 -1.2690392e-01
  3.4589750e-01
 -8.5832953e-01
  2.6103897e+00
  2.5584009e-01
 -1.8159738e+00
  1.5420607e-02
  1.8939912e-02
  2.5684077e-01
 -2.3463447e-01
 -3.4661356e-01
 -4.8854757e-02
 -2.1078108e-02
 -2.7380803e-01
 -8.1131473e-02
  5.6281525e-01
  3.2941934e-01
  6.6017538e-02
 -5.6230307e-01
  4.9358720e-01
  2.1119756e-01
  3.6619580e-01
  1.0632745e-02
 -9.7335064e-01
  7.2425288e-01
  4.7902890e-02
  3.4662876e-02
  3.0656010e-02
 -1.1107205e-02
 -3.3759423e-02
 -1.6738690e-02
  7.2742295e-03
  5.1718492e-02
 -6.3421613e-01
  1.4150913e-01
  9.5783137e-03
 -7.1987838e-01
  2.3906396e-01
  6.6445991e-02
  4.6263322e-01
  1.7094542e-01
  9.4642015e-03
  3.3081852e-02
  1.4520818e-02
  1.2039909e-02
  1.2195804e-02
 -3.0940281e-02
  1.2672336e-02
 -3.3845808e-02
 -2.8915771e-03
 -4.8632298e-02
 -7.2923847e-02
  5.6807194e-02
  2.0406139e-01
 -8.2432348e-03
  9.4907820e-02
 -4.8820172e-02
 -1.1733585e-02
  9.3693454e-03
  4.5249481e-03
 -7.8259654e-02
 -6.5627009e-02
  6.1976727e-02
  2.2918828e-02
  1.4620276e-04
 -2.1737542e-02
 -2.4587864e-03
 -1.3936694e-01
 -3.6881346e-02
 -1.3709153e-02
  1.1625287e-01
  1.3939283e+00
 -1.7059128e-01
 -1.4494246e+00
  1.6940899e+00
 -7.7260504e-03
 -4.0147882e-02
 -3.6166552e-02
  1.8930244e-01
  4.7281166e-03
  1.0465472e-01
 -1.4465460e-02
 -3.8131853e-03
  2.5158767e-02
 -2.8792905e-02
  5.1160580e-03
  3.6600277e-02
 -6.3158937e-02
 -1.2057612e-01
 -1.2614565e-01
 -3.1458850e-03
 -4.7588784e-02
  6.5407090e-02
 -1.8332757e-01
  8.3352260e-02
  1.5529965e-02
 -5.1050391e-02
  4.4630289e-02
  2.1052735e-02
  1.0963145e-01
  3.2623362e-02
 -3.5185590e-02
 -1.0937641e-02
  2.0989891e-02
  2.3513222e-02
  2.8340865e-02
  7.1169657e-01
 -5.2446598e-01
 -6.9199309e-02
 -3.2623225e-01
 -9.2689238e-02
  8.2757488e-02
  3.6969014e-02
  7.2079197e-02
  6.4904504e-02
 -8.1233103e-03
  3.9872844e-02
  1.4002787e-02
 -1.5242647e-01
 -8.9701042e-02
  7.1902857e-03
 -1.8745778e-02
 -5.7839375e-02
 -1.0975778e-01
  3.1990683e-04
 -3.6477663e-02
  1.2001586e-02
 -5.1038105e-02
 -5.8804687e-02
 -8.9962691e-02
 -2.8440706e-03
  7.3665738e-02
  4.5384694e-02
  1.4826609e-02
  1.6671616e+00
 -3.3255555e-02
  2.2041133e-02
 -3.1467706e-02
  2.1938374e-02
 -6.9891190e-04
  7.3876088e-03
  1.2138542e+00
 -3.4789696e-02
 -2.2886766e-01
 -5.6880426e-01
 -9.9112749e-02
 -2.4875231e-02
  2.5828449e-02
  1.4319063e-02
 -6.8328418e-02
  4.8305430e-03
  5.2369967e-02
  2.3163548e-01
  1.1050914e-02
 -2.3063377e-02
  2.6845260e-02
  4.4083851e-03
  1.5512235e-01
 -1.5873106e-03
 -4.1042233e-01
  4.8682801e-02
 -3.8064250e-03
 -4.5546345e-02
 -8.9099139e-02
 -8.3616665e-03
 -5.3164829e-03
  6.0752794e-02
  2.0256715e-02
  2.4929648e-02
 -4.6474498e-02
  4.6050451e-03
 -9.0098940e-02
  5.6205043e-03
 -1.0421888e-01
  4.1541334e-02
 -2.8053543e-02
 -9.7731590e-01
  3.7524062e-01
  1.0252279e-01
  5.7399684e-01
  1.3257410e-01
  1.3641501e-02
 -8.0557484e-03
  2.3841836e-01
  1.9658926e-01
  5.1109698e-02
  8.5230079e-03
  2.4785509e-02
  1.6122190e-02
 -5.3186633e-02
 -1.3467583e-02
  1.8520299e-02
 -1.8317264e-02
  9.0561993e-02
  5.5181913e-02
  2.9479291e-02
  1.3773570e-02
  3.0464625e-02
  4.6894145e-03
 -6.0444802e-02
 -4.5297109e-03
  1.2322374e-02
  6.8761438e-02
 -1.1706767e+00
  4.7172777e-02
 -3.5594222e-03
  6.1903127e-02
  1.0436771e-02
  1.7939886e-02
 -4.6895664e-02
  1.7864753e-02
  7.4524754e-01
 -3.6767355e-01
 -3.7483931e-02
 -6.2194955e-01
  4.3920856e-03
  2.2037515e-02
 -1.9152766e-02
 -3.4831561e-02
 -1.4663704e-01
 -4.6628568e-02
  1.9488594e-02
 -1.2805499e-01
 -1.1181837e-01
  1.5385229e-03
 -1.4076710e-01
  1.1669342e-01
 -2.5846923e-02
 -7.7261798e-02
  1.1754373e-02
  2.2143507e-02
  8.8048637e-02
 -1.4569613e-01
 -6.7677580e-02
 -4.8405889e-02
 -1.0182611e-01
 -3.0313648e-02
 -2.7131315e-02
 -2.5618952e-02
 -7.9706796e-02
 -7.9215961e-03
  2.8007354e-03
 -7.1681757e-03
 -1.6996793e-03
  8.7057790e-03
  1.1118887e-02
  1.2920159e+00
 -5.1680821e-01
 -1.9314963e-02
 -4.6243185e-01
 -3.8652081e-02
 -7.1325988e-02
  1.4231455e-02
 -4.6588562e-02
 -3.3870522e-02
  2.7563389e-02
 -1.0837016e-01
 -6.4619072e-02
 -6.0285039e-02
 -1.9522610e-01
  4.3811537e-03
 -1.4372228e-01
  5.6572285e-02
 -5.7638574e-02
 -9.9877685e-02
  8.4569911e-03
 -1.1376870e-03
 -1.6035634e-03
  1.8679039e+00
  1.4557318e-02
  2.9488414e-04
  2.2380218e-02
  5.7796195e-02
  1.7148303e-02
  1.1352267e-02
  6.5523587e-02
 -1.8855214e-02
  5.7140186e-02
 -3.4245577e-02
 -4.1042455e-02
 -4.2972375e-02
  3.2087713e-01
 -8.0855973e-02
 -4.5417529e-01
 -2.6615304e-01
  1.2141126e-01
  1.3812405e+00
  2.8510792e-02
 -1.9426266e-02
 -3.8630720e-02
  3.7070241e-02
  2.2865117e-02
 -1.5455575e-02
 -1.9321606e-01
  3.4589224e-02
  2.5954596e-03
 -5.1627871e-02
  4.0312600e-03
 -2.0289285e-02
  2.7156703e-03
  6.4757086e-02
 -5.6897290e-02
 -1.8881073e-02
 -7.4150093e-02
  1.0462231e-02
  1.5581743e-01
  8.3939724e-02
  4.0391502e-03
 -3.2373030e-02
 -1.0438961e-02
  6.8316840e-02
 -4.9755283e-02
  5.3471379e-02
  7.7255541e-03
 -5.4984380e-02
  1.0308590e-02
 -6.7538959e-01
  3.0960230e-02
  8.5965760e-02
  7.5731951e-01
  8.8321619e-02
 -5.0186489e-02
  1.1407779e-02
  7.4457927e-03
  2.2214491e-02
  8.8580642e-03
  6.3506830e-03
 -3.9445065e-02
  2.3474894e-02
  1.6749413e+00
  7.2548948e-03
 -2.7829682e-02
 -5.7533972e-02
  4.9421258e-02
 -3.1975321e-02
 -7.0550255e-02
 -5.9778899e-02
  3.5423771e-02
 -2.4471646e-03
  9.5782027e-02
  4.6878438e-03
  1.3585413e-01
  2.5203727e-02
 -2.1626433e-02
  1.1633192e-02
  4.0405635e-03
  9.0953975e-04
 -2.4245715e-02
 -1.6897692e-01
 -1.3160641e-02
  1.1827148e-03
  1.3668390e-01
 -2.0169497e+00
  4.0467876e-01
 -3.4316001e+00
 -1.9530129e+00
 -2.1592123e-02
  5.4849226e-02
 -5.5957580e-01
 -3.9417714e-02
  1.4527780e-01
  3.1303298e-02
  5.7987265e-02
 -1.5146829e+00
 -2.0220499e-02
  2.0372506e-02
  7.9507418e-03
  1.8378662e-02
 -5.6036150e-01
  2.7459031e-02
 -5.1457208e-02
 -6.5505132e-02
  4.4542778e-02
 -4.5314121e-01
 -1.6945252e-02
  5.0154600e-02
 -5.1337625e-03
  8.5953567e-03
 -4.7148570e-02
 -6.4531468e-02
 -3.4091845e-03
  2.3308067e-02
  2.1191025e-02
 -6.7742378e-03
 -4.9568065e-02
  5.1263493e-02
 -1.1531163e+00
 -8.4880815e-04
 -1.9882169e-01
 -5.5753952e-01
 -1.1381012e+00
  3.4042338e-01
  9.4509780e-02
  4.7913560e-01
 -2.3907082e-01
 -6.9126472e-02
 -3.4540938e-03
 -1.4336050e-02
  6.2218625e-02
  3.7863318e-02
  1.0578794e-01
  1.2697096e-01
 -1.4307848e-01
  1.2739800e-01
 -2.1560648e-02
  1.4960629e-01
 -4.6179321e-02
  6.9146003e-03
 -5.4294074e-01
  2.4200860e-01
  1.5320608e-02
  5.5254195e-02
  3.9918762e-02
  1.4239872e-03
  3.0660054e-02
  5.6157663e-02
 -4.1807275e-03
  3.7003893e-02
 -5.8453608e-02
  3.9468471e-02
 -1.0566267e-01
 -1.0355804e+00
  1.5426621e-01
  1.2047117e-01
  6.7687941e-01
  5.4171726e-02
  3.0213401e-02
 -2.8046964e-02
  7.3438473e-02
  8.1034796e-03
 -3.6051113e-03
  2.8771665e-02
  1.7460931e-02
  7.6965742e-02
  1.2690136e-02
  8.4460313e-03
  8.2500130e-03
  3.4331333e-02
  1.5403703e-02
  4.0331919e-02
  3.7138518e-02
  4.1833013e-02
 -1.6055308e-02
  1.9670513e-02
 -5.2965760e-02
  1.1097361e-01
 -3.4516945e-02
  8.6003700e-03
  4.7096379e-02
 -3.2568569e-04
  2.1411696e-02
  5.4339683e-03
  3.3319119e-02
  5.7372630e-02
  2.9846316e-02
 -3.4702918e-03
 -2.2738929e+00
  8.8303781e-01
  4.2335010e-01
  1.1196623e+00
  5.1690970e-02
 -3.3315292e-03
 -4.1676839e-03
 -5.7952106e-03
 -4.5743415e-01
 -1.9870307e-02
  3.8640387e-02
 -3.6861565e-02
  2.3429316e-02
  4.4244535e-02
 -2.7067587e-02
  1.7583976e-02
 -1.2625419e-01
  6.9885001e-02
  1.3468362e-01
 -1.8630980e-02
  1.6295291e-02
 -2.5651790e-03
  3.6359884e-02
  1.7390569e-01
 -3.9960811e+00
 -2.4560597e-02
 -6.4099743e-03
 -6.1652709e-02
  2.0146362e-02
 -8.9033686e-02
  5.8463268e-02
  1.7323814e-01
 -4.1554186e-02
 -4.3894015e-02
  6.1115106e-03
 -1.1939820e+00
  3.9660543e-01
  4.9757230e-01
  3.2104969e-01
  1.5771137e-01
 -8.6943038e-02
  5.0044231e-02
  2.9067395e-02
 -3.8417816e-02
  2.8521683e-02
 -2.8072568e-03
 -4.4015642e-02
  9.3174957e-02
 -8.5135410e-03
 -7.3900539e-03
 -1.0852515e-02
  1.5470734e-02
  1.1420292e-02
  4.0467195e-03
 -1.2321895e-01
  1.2193391e-01
  2.2560728e+00
  9.2448965e-02
  1.9797717e-01
 -2.6292026e-02
 -1.9252427e-02
 -1.7873136e-02
 -7.3137112e-02
  6.0430106e-02
  2.6309671e-02
  1.1710770e-01
 -3.7463545e-03
 -4.8052400e-02
  6.9271974e-02
 -1.9421258e-03
 -8.4518009e-01
  3.9469904e-01
  3.6535975e-01
  3.9053556e-01
  5.3473418e-03
 -7.5370650e-04
 -1.0788399e+00
 -5.5622477e-03
 -1.2914948e-02
  2.0598952e-02
 -2.0758124e-01
 -1.5115708e-02
  5.9204061e-02
  2.3854757e-02
 -1.0380586e-01
  9.6328342e-03
 -8.3767995e-03
  4.6026662e-02
  1.4366367e-02
 -7.7883410e-04
  4.4944116e-01
 -4.9852859e-03
  4.8258379e-02
  7.7006039e-03
  9.0167029e-03
  1.2076154e-01
 -1.9618100e-01
  2.3520086e-02
 -2.0432347e-02
  9.1450855e-02
  1.9266460e-02
 -4.8472963e-02
 -1.2662897e-02
  7.9239421e-02
 -8.5964553e-02
  1.4651920e+00
 -4.8109913e-01
 -2.3169425e-01
 -5.2259552e-01
 -9.8316848e-02
 -1.2874248e-02
 -2.5739405e-02
 -5.7561737e-02
 -1.5176545e-01
 -1.4399789e-01
  2.4971150e-02
 -2.2744069e-02
 -1.4287660e-02
  1.3232592e-01
  1.8844197e-02
  4.2514555e-02
  6.0324278e-02
 -1.7905156e-01
 -2.5273722e-01
 -1.0251328e-02
 -1.2404936e-01
 -1.8707465e-01
 -2.2342722e-01
 -4.3066401e-02
  1.2067120e-01
  1.6892537e-02
  5.4141052e-02
 -3.4463701e+00
 -5.1019974e-02
 -1.7777517e-02
 -6.3788697e-02
 -1.2193044e-01
  1.1010615e-02
 -1.6131379e-02
 -2.0767160e-01
 -4.2510733e-01
  5.0329840e-01
  1.4461720e-01
  5.8728719e-01
  1.5178177e-02
  3.0917237e-02
  3.2109542e+00
  5.5215418e-02
  1.6292796e-02
  1.2057894e-02
 -3.1209957e-02
 -3.9224888e-04
 -5.3559005e-02
  7.1055233e-02
  1.3938491e-02
  9.9842288e-03
  3.8347904e-02
  5.2770216e-02
  4.3493688e-02
  3.1202072e-02
  2.1772187e-02
 -5.2368739e-03
  2.5488794e-02
 -2.9797584e-02
  4.2279810e-02
  3.2580994e-02
 -7.9215616e-03
 -4.9860835e-02
  5.8154576e-03
  1.4753600e-02
 -7.9394892e-02
 -4.0991176e-02
  2.4445849e-02
  3.0157311e-02
  8.8041984e-03
 -7.8052372e-01
  5.5495721e-01
  1.4925893e-01
  5.0946283e-01
  1.2286701e-02
 -2.1766121e-02
 -1.2367964e-02
  1.5983349e-02
  3.9500870e-02
 -3.4361403e-03
  1.4195335e-02
  3.7459224e-03
  5.8459453e-02
  5.9001923e-02
 -1.1107242e-01
  9.3015702e-03
  7.9931326e-02
  4.0163081e-02
  3.8384572e-02
  4.3471623e-02
  4.3339241e-02
  1.2445352e-02
  5.9922324e-03
 -2.1592949e-02
  2.6062902e-03
 -3.5223365e-02
  4.4604417e-02
 -1.9701743e-02
  3.0724669e-02
 -1.5764318e-01
 -6.1096875e-03
  7.5150587e-02
  2.9351801e-02
  2.3706965e-03
  7.1508579e-02
  7.4403310e-01
 -1.5792437e-01
 -2.8994358e-01
 -4.3491128e-01
 -1.5879797e-02
  5.7354182e-02
 -6.8043959e-03
 -6.0977817e-02
 -9.2703868e-03
  3.6535565e-02
  8.9098066e-02
 -3.6517493e-02
  6.9299959e-02
 -9.0788595e-02
  3.9226014e-02
 -1.4616411e-02
 -4.3082409e-02
 -1.7302237e-02
  4.8611548e-02
 -4.3826930e-02
  3.8525086e-02
  1.0992707e-01
 -1.0721958e-01
 -4.8325311e-02
  7.7995984e-03
 -9.8619878e-02
 -2.8533546e-02
  4.5120664e-02
  1.1188335e-01
 -2.6691999e-02
  1.6864888e-02
 -3.1552214e-02
  2.1582928e-02
  4.5981653e-02
  5.5909730e-02
 -1.3205131e+00
 -3.0920584e-02
  3.8514706e-01
  2.0617476e-01
  5.4466978e-02
 -1.2712410e-01
  1.1839008e-01
 -9.1123916e-02
 -1.4779015e-01
  4.6260583e-01
  4.3797362e-01
  2.6254854e-01
  3.9668286e-01
 -2.9408702e-01
  7.9167289e-01
  4.7613752e-01
  5.7182342e-01
  4.6787521e-01
 -3.2222900e-01
  2.3792435e-01
  1.1997504e-01
 -6.8034507e-02
  3.4715363e-01
 -1.3035430e-01
 -6.0257126e-02
  6.2608436e-02
 -1.1023810e-01
  2.6770407e-02
  5.3782342e-03
  6.5798812e-02
  6.5578311e-04
  9.5918654e-03
  3.2779029e-01
 -2.2655873e-01
 -2.3590272e-02
 -3.2891428e-01
  1.5251224e+00
 -5.6393617e-01
 -2.1975358e-01
 -5.9247243e-01
  4.9646273e-01
  9.5736109e-02
  1.1850186e-01
  3.8564149e-01
  1.1659231e+00
  5.1393127e-01
  4.9757391e-01
 -1.2283104e-02
  6.7913011e-02
  6.8571752e-01
  5.5295032e-01
  4.3595067e-01
  6.7624457e-02
  6.6930868e-02
  4.7588938e-01
  7.1150070e-01
  1.1442749e-01
  2.5595182e-01
 -1.9884248e-01
  2.2740124e-01
  1.0138199e-01
  2.8278228e-02
 -2.6404203e-03
  2.8033657e-03
 -8.8559031e-02
 -9.6392684e-02
 -6.5828175e-03
  1.2947437e-02
 -7.6904833e-02
  3.9188519e-02
  9.6697479e-01
 -2.5300074e-01
 -2.2182973e-01
 -2.1066125e-01
  1.2399012e-02
 -2.6072316e-02
  9.9052206e-02
  5.1358864e-02
 -9.3901008e-03
  9.4022527e-03
  5.4780658e-02
 -1.2888486e-02
 -7.9467662e-02
 -1.1018653e-02
 -1.0575343e-02
 -4.2609006e-02
 -5.0053909e-02
 -4.2633995e-02
 -1.1614287e-01
  5.6331500e-02
  1.6266946e-02
 -8.9473063e-03
 -1.3652463e-02
 -1.7598158e-01
  1.0963191e-02
 -2.1805160e-02
 -1.5038325e-02
 -9.7010231e-01
 -2.1540260e-02
 -9.5101036e-02
 -1.2174930e-01
  5.0912157e-02
  1.0346258e+00
  1.3504952e-02
 -6.0401816e-02
  7.5973558e-01
 -1.7094317e-01
 -1.5549468e-01
 -5.2225167e-01
 -1.2219300e-02
  2.2325717e-02
  6.6816740e-02
 -6.1604962e-02
 -2.9089428e-02
  7.3804357e-04
  1.1164673e-02
 -1.3456683e-03
 -5.9737843e-02
 -1.7187249e-02
 -5.4148227e-02
  4.1143533e-02
 -3.1064454e-02
 -4.2990766e-02
  3.7620716e-02
 -6.0053065e-02
  7.9664424e-02
  3.8470525e-02
  2.5239816e-02
 -2.3747496e-02
 -7.4610282e-03
 -2.7442833e-02
 -8.3469590e-03
  9.6057944e-02
 -6.0635775e-05
  3.6034204e-02
 -6.3123047e-02
  8.0145426e-02
  6.5793619e-03
 -1.0986229e-02
  4.4117068e-04
 -9.3703959e-03
 -7.8154542e-02
 -1.8786053e-01
 -1.3654370e+00
 -4.1854806e-02
  7.4167937e-02
  1.3890391e-02
 -3.1740520e-02
 -4.6118889e-03
 -7.5286470e-02
 -1.2803678e-01
 -2.3275767e-02
  3.3437408e-04
 -9.5538199e-02
  4.1070111e-02
  3.4735426e-02
 -2.4837130e-03
 -4.8151672e-02
  2.6494963e-02
  8.7255565e-03
 -3.5911098e-03
  4.4902425e-02
 -1.0201886e-01
  1.6107669e-02
  2.5116760e-02
  4.8285395e-02
 -1.1138837e-02
  1.2083434e-02
 -4.6242818e-02
 -1.0184567e-01
 -6.8825394e-02
  2.6211886e-02
  1.3428678e-02
 -2.6917525e-02
  1.3457598e-01
  1.8157727e+00
 -1.1875834e+00
 -5.1526266e-01
 -6.6026539e-01
 -4.3716893e-02
  6.4093001e-02
 -8.3734512e-02
  7.4659451e-03
 -8.4953373e-03
 -1.7115694e-02
  3.5681643e-02
 -6.6320919e-02
 -6.4596268e-03
 -2.8671362e-02
 -5.0072227e-02
 -8.8887915e-02
 -7.9567796e-03
 -1.3924167e-02
 -1.4228583e-02
 -3.9084677e-02
 -4.3203741e-02
  6.6503830e-02
 -1.0927850e-02
 -1.2679927e-01
 -4.4914022e-02
 -2.4965869e-02
  3.5075836e-02
 -3.4631822e-02
 -2.6809100e-02
  2.4962439e-01
  3.0415798e-02
 -8.3938809e-03
 -3.7152153e-02
 -5.6779962e-02
  3.8569514e-02
 -1.3430176e+00
  5.2766025e-02
  1.8701328e+00
  1.5485063e-01
  1.1230883e-01
 -3.5131156e-01
 -1.6766438e-03
  8.3348803e-02
  1.0681070e-02
  2.6468383e-03
  2.5455007e-02
  1.0230981e-01
  7.5977474e-02
  1.7127372e-02
 -4.6186685e-03
  1.2942369e-02
  3.1510003e-02
  8.2747461e-03
  9.6885931e-01
  1.1791219e-01
 -8.4808014e-02
  1.0572667e-02
  5.2759061e-03
  1.9007722e-02
 -6.5996028e-03
  1.0249151e-01
  1.1422767e-01
 -2.4797992e-01
  1.0735733e-02
 -7.2690839e-04
  2.5723148e-02
 -4.0859446e-02
  3.4835937e-03
  2.4233157e-02
 -3.5747189e-02
  9.6568519e-01
 -6.4047629e-01
 -2.8852168e-01
 -8.6528146e-01
 -5.0844245e-02
  6.6363789e-02
 -4.5807697e-02
 -9.7032651e-02
  6.7114517e-02
 -1.5584014e-02
  2.0224104e-02
 -1.4200087e-01
 -7.9367146e-02
 -8.6154617e-02
 -5.2881785e-02
  1.5931128e-01
  6.9385529e-02
 -5.3124726e-03
  7.7551627e-03
 -5.6878896e-04
  2.5216551e-02
  1.9443730e-02
 -9.2549562e-02
 -1.3585464e-02
 -2.6441300e-02
 -4.3734834e-02
  5.0716601e-02
  7.2488196e-02
 -2.2911897e-02
  3.5490212e-03
  6.8705566e-02
 -7.8814104e-03
 -2.7911959e-02
 -1.6201466e-02
  4.4059386e-03
 -9.3978482e-01
  2.6552710e-01
  4.1537368e-01
  6.5707785e-01
  2.5974346e-02
 -4.2259470e-02
 -3.2121629e-02
  6.9196546e-03
 -3.5936845e-04
 -4.6729678e-03
 -8.1002191e-03
  5.8665954e-02
  7.1505480e-02
  1.6645646e-01
 -6.9074623e-02
 -7.7258728e-02
  1.5826164e-02
  8.5072685e-03
 -4.0934876e-02
  3.8876276e-02
  5.1748273e-03
 -4.1237343e-03
  1.7924991e-02
  1.0362853e-02
 -1.6797930e-02
 -5.4677054e-02
  1.3924269e-01
 -2.9046454e-02
 -1.4858189e-01
 -1.7304732e-02
 -3.2074995e-02
 -1.5926316e-02
 -1.8553569e-03
  3.2160308e-03
 -3.4840666e-02
  9.7999108e-01
 -6.0577285e-01
 -2.7197102e-01
 -8.9899445e-01
 -3.6333066e-01
 -1.1822406e-02
 -2.6413506e-01
  3.5479512e-02
 -3.3260413e-02
 -4.3068347e-03
  3.7993081e-02
  5.1945120e-02
 -1.8955001e-01
  1.7885694e-03
  1.5783638e-01
  7.7352539e-02
 -2.9617592e-03
 -2.2541173e-02
 -6.4213604e-02
 -3.4493119e-02
 -3.4797452e-02
 -7.4320175e-03
  6.6060573e-02
  2.7152145e-02
 -1.8435590e-01
  8.1333547e-04
  9.0202605e-03
  4.6578463e-02
  6.0552292e-02
 -4.5682628e-02
 -4.5345321e-02
  1.9673133e-02
 -5.2520189e-02
  4.8826329e-02
 -6.8134092e-02
 -2.9030108e-01
  1.2579027e-01
  7.2367567e-01
  6.1035681e-01
  3.0052269e-01
 -1.1316876e+00
 -5.2417225e-01
  4.7952938e-01
  1.5973811e-01
  1.1769214e+00
 -2.7953703e-03
 -8.2284623e-01
  2.9185355e-01
  2.2136830e-01
  6.6023570e-01
 -6.2787741e-01
 -6.2400395e-01
  6.4514375e-01
  4.9755061e-01
 -2.5595459e-01
 -5.5842435e-01
 -7.2458160e-01
  5.7535535e-01
  3.1668589e-01
 -7.2046447e-01
  2.1932889e-02
  3.0914556e-02
 -2.5734312e-03
 -5.3660642e-02
  7.3951152e-03
  8.2994811e-03
 -4.2050906e-02
 -5.6033932e-02
 -7.5403877e-02
  7.7395709e-03
 -1.9809152e+00
  1.7294271e+00
 -2.5077316e-01
 -1.3050766e+00
  8.0214989e-01
  7.8734430e-03
 -5.8318332e-02
 -2.1931037e-02
 -2.4679489e-02
 -1.0447608e-01
 -1.4421617e-03
 -7.1096644e-03
  3.9137259e-02
  3.5610921e-03
 -3.4621153e-02
 -7.6816278e-03
  6.2375221e-02
  3.0067047e-01
  2.6261833e-01
 -2.2344315e-02
  5.3034741e-02
 -3.4114927e-02
  8.6420470e-01
  2.3364596e-02
  7.8183472e-02
  5.9456419e-02
  5.4666540e-03
 -2.4547903e-03
  1.6508626e-02
 -3.9578978e-02
 -6.0344383e-02
  1.9844089e-02
  2.2219919e-02
 -5.1911682e-02
 -4.7225519e-03
 -2.6610703e+00
  9.1248661e-01
  9.2673492e-01
  3.1795514e-01
  1.5058447e-02
  1.6335180e-02
  4.3786727e-02
  4.0376924e-02
  1.4669362e-02
 -4.6609174e-02
  1.9311493e-02
 -8.5665127e-03
  1.1586907e-02
  3.9846569e-02
  3.6333274e-02
 -2.9977739e-02
 -5.3541552e-02
 -2.0965498e-03
  1.2588619e-01
  2.6290745e-02
 -2.6815506e-02
 -6.3765231e-03
 -6.5367907e-02
 -1.7579963e-02
 -1.3308860e-01
  6.7933914e-03
  1.7897375e-02
 -6.2108599e-02
  4.6922106e-02
 -5.0981613e-03
 -1.1720121e-02
  6.1584739e-03
 -3.3110190e-02
  2.9022858e-02
 -5.8681466e-02
  1.1890411e+00
 -1.4867787e+00
 -3.8491157e-01
  7.1766925e-01
 -4.6515137e-02
  5.1061448e-02
 -1.8297683e-02
  3.3044826e-02
  4.0321629e-02
  5.3155739e-02
 -1.2060228e-02
 -3.0345481e-03
 -1.0069807e-01
  2.8113646e-02
 -7.2288401e-02
 -2.8113734e-02
 -5.4718986e-02
 -4.6149027e-02
 -7.9867989e-02
 -4.7603179e-02
 -2.0711830e-02
 -3.1761672e-02
 -7.5635254e-02
 -6.0026557e-03
 -2.5478138e-02
 -9.6565567e-02
 -1.2660053e+00
  1.3869934e-02
 -4.5148764e-02
 -3.9889306e-02
 -3.9160736e-02
  5.2799016e-02
 -1.1723042e-01
  9.4707295e-02
 -9.9802479e-02
 -1.6402984e+00
  7.8638887e-01
  2.3873167e-01
  7.6611829e-01
  1.1883538e-01
 -6.3170105e-02
  3.8997564e-02
 -6.1135311e-02
 -1.1019174e-01
 -1.5877513e-02
  1.5844584e-02
  1.2296429e-01
  5.0257007e-03
 -1.6548729e-02
  2.5634805e-02
 -6.7565173e-02
  7.3400950e-03
  3.0613001e-03
 -1.7825600e-02
  1.1328730e-01
 -6.7618929e-02
 -6.9242105e-02
  9.2170373e-02
 -7.0516783e-04
 -1.3961230e-02
 -2.5358307e-03
  5.5371341e-03
  9.5609322e-02
  2.6242657e-02
  1.0224047e-01
  2.3722133e-02
 -4.2130753e-02
 -1.5119218e-02
  7.8136712e-02
  4.7290489e-02
  1.1586726e+00
 -5.8923513e-01
 -5.6917472e-03
 -7.4203002e-01
  5.5283152e-02
 -1.1471455e-02
 -6.2139738e-01
  1.5239272e-03
 -4.4885933e-02
  5.1359609e-03
 -1.1926616e-02
  3.5173710e-02
 -2.9615480e-02
 -6.6547878e-02
  2.9741669e-02
 -1.2914586e-01
  4.8238248e-02
 -7.6973196e-03
  2.2742122e-02
 -1.1238319e-02
 -2.2542167e-02
 -4.7138460e-02
 -2.3278335e-01
 -4.2061597e-02
 -1.8527701e-02
 -1.5178444e-02
 -2.9769739e-02
  2.7871253e-02
  2.2045032e-03
  9.3071517e-03
 -3.1958777e-02
  2.4247348e-02
 -9.6433431e-02
  2.9819542e-01
 -1.5760778e-02
 -1.5793869e+00
  7.3081952e-01
  2.9089999e-01
  9.0419984e-01
 -1.3112017e-02
 -4.0460054e-02
  1.3442421e-01
 -2.7244292e-02
  6.6093267e-03
  6.4419918e-02
 -2.5096986e-02
  1.2289821e-01
  4.5289490e-02
  5.6107212e-02
 -2.4616873e-02
 -4.7589269e-02
 -1.1162912e-02
  1.5354122e-02
 -8.7214122e-03
 -4.4808473e-02
  5.0429875e-01
 -6.9692750e-03
 -2.7004199e-02
 -1.2045691e+00
  6.1648719e-02
 -2.8825624e-02
 -1.8617246e-02
  5.0712910e-02
 -1.0182563e-02
  5.4868259e-03
 -5.3977035e-03
 -1.2480526e-02
  4.8577163e-02
 -6.6576093e-02
 -2.9609384e-02
 -7.3788732e-01
  2.4585305e-01
  1.6357903e-01
  3.4184131e-01
  2.6537523e-02
  8.4306160e-03
  6.9425493e-02
 -5.3612413e-03
  6.5389127e-02
 -3.1031417e-02
  5.3378519e-02
 -4.6744540e-02
  2.8677270e-02
  1.5141019e-01
 -6.9273777e-02
  5.1557235e-03
  5.5109389e-02
  1.0524222e-01
  1.0457894e-01
 -3.4690779e-02
  2.7432393e-02
 -1.6400347e-02
 -1.3714542e-02
  1.5190245e-02
 -1.6557680e-02
 -3.7968714e-02
  1.3117785e+00
 -8.5135913e-01
  3.8281690e-02
 -4.0521432e-02
 -9.5739532e-03
 -6.3684806e-02
 -2.6159134e-02
  1.2916634e-03
 -7.6512888e-02
  1.2976356e+00
 -5.6797230e-01
 -3.5925284e-01
 -4.8330715e-01
 -7.1137689e-02
  2.1796081e-02
 -5.0074276e-02
  7.6936521e-02
  4.4037877e-03
 -7.8581949e-04
  1.4058965e-02
 -5.0583541e-02
  1.0909862e-02
 -1.7131932e-01
 -2.7128740e-03
  1.4953758e-01
 -6.9895568e-03
 -1.3705737e-02
 -2.2045572e-03
  7.6890290e-02
 -4.0067546e-02
  1.8172368e-02
 -1.8923105e-01
 -2.4291271e-01
 -1.1080020e-02
 -3.1646155e-02
 -2.4351586e-02
  1.1815237e-02
  1.4989269e-02
 -1.4903253e-03
 -1.9054063e-02
 -4.3068066e-02
 -3.1435288e-02
 -1.0694586e-02
 -1.9273134e-02
  1.1057240e+00
 -2.2979623e-01
 -7.2284400e-02
 -8.8825136e-01
  2.8208971e-02
  1.1311663e-01
 -2.8172899e-02
 -1.2557726e-01
  3.0954471e-02
  2.0762369e-02
 -1.2854472e-03
 -3.5696406e-02
 -6.7654517e-03
 -9.0868419e-01
 -1.3450873e-02
  1.3772584e-02
 -1.2763031e-01
 -1.1707543e-01
 -7.4234508e-02
 -4.2754341e-02
 -8.8623844e-02
 -3.0588407e-02
 -1.8065583e-02
 -9.7092338e-02
 -5.4577008e-02
  1.3492291e-02
  4.1375712e-02
  3.1401254e-02
  8.1974212e-03
  3.8320657e-02
 -4.0735684e-02
  9.7804233e-02
  2.5621442e-02
  1.9341327e-02
 -2.1351585e-02
  1.0512600e+00
 -3.6570653e-01
 -1.5821871e-01
 -6.3161647e-01
 -7.8603365e-03
 -9.7422944e-03
  2.7367335e-03
  1.0256312e-02
 -9.8795645e-02
 -6.6792853e-02
 -9.8307000e-04
  2.2643879e-02
 -9.6851878e-02
 -1.3151195e-02
  2.9966900e-02
 -8.3011348e-04
  7.8343950e-02
 -7.8766666e-02
 -2.5715016e-02
  3.6008466e-02
 -1.7331861e-02
 -4.5290343e-02
 -1.0063132e-02
 -4.7580829e-01
  2.6071933e-03
  5.3219158e-02
 -3.2632411e-02
 -2.2087561e-03
 -2.6388172e-02
  4.0622023e-03
  2.3968173e-02
 -1.1356524e-02
  5.0387900e-02
 -1.6753172e-03
  3.7154369e-02
 -1.2546725e+00
  8.1158841e-01
  5.4217148e-01
  7.2611851e-01
  1.0885619e-01
 -7.4520526e-03
  8.0626182e-02
  5.5847457e-03
  1.9885369e-03
 -1.1512212e-01
  1.8201104e-03
  4.9758479e-02
  1.8432302e-02
  3.8458075e-02
  3.1634592e-02
  5.3400282e-02
  3.4684584e-02
  3.3627853e-02
  1.7731005e-02
 -1.8697537e-02
 -6.6516668e-02
 -1.1072208e-01
  1.5952041e-02
 -1.3993533e-01
  5.4055039e-02
 -1.5632236e-02
 -1.6814245e-02
  9.0280855e-03
 -8.9648843e-02
  5.9873652e-02
  2.7832180e-02
  1.7574333e-01
 -2.2695061e-02
  1.2691896e-02
 -6.4627334e-02
  2.0898817e-01
 -1.7750777e-01
 -1.8733326e-02
 -2.6196525e-01
  2.3533724e-02
  6.5710354e-01
  1.0583200e-02
  1.1723176e-01
  5.2303174e-03
 -1.8424354e-02
  2.3558024e-02
  3.5002869e-02
 -1.9529784e-02
 -1.8930222e-01
 -5.9465338e-03
 -5.3731341e-02
 -7.4532054e-02
 -5.9490729e-02
 -3.7859187e-02
 -3.0932723e-02
  7.6184712e-02
 -5.0052650e-02
 -9.5018968e-02
 -5.0405413e-02
  3.1692430e-02
  9.3591921e-03
 -2.5946226e-02
  2.2906136e-04
  2.6336495e-02
 -2.1364368e-02
 -2.7671864e-02
  1.5404487e-02
  1.6174796e-01
  7.1001031e-02
 -6.0910188e-02
 -1.3645878e+00
  1.0888914e+00
  6.3404697e-01
  6.4239734e-01
  4.5007925e-02
 -6.8139531e-02
  5.0505982e-03
 -3.0109030e-03
 -7.6438077e-02
  4.5556240e-02
 -2.9099487e-02
  1.5222211e-02
  8.2998395e-02
 -8.4580127e-03
  1.1926113e-01
 -1.9096436e-02
 -3.3449738e-03
  1.2213489e-01
 -5.9951916e-02
 -1.0977205e-02
  1.3645120e-03
  5.5777412e-02
  2.9002234e-02
  2.8427314e-02
  2.4284737e-02
  2.2790620e-02
  4.1571993e-02
 -1.8996781e-02
 -1.6698062e-02
 -8.0381289e-02
  8.3941825e-02
 -1.1732580e-02
 -2.4281241e-02
  4.2512164e-02
  1.0736669e-02
  1.2603120e+00
 -3.1431153e-01
 -4.1596296e-01
 -6.0235715e-01
 -8.3233798e-03
 -7.0723905e-03
 -6.1862045e-03
 -4.3214861e-02
  4.9394194e-02
  4.3227444e-03
 -1.3148524e-01
  2.0301837e-02
 -2.3605682e-02
 -3.0014472e-02
  9.5296660e-03
  1.2445133e-01
  3.4098145e-02
 -2.2060263e-01
 -2.6967263e-02
 -2.8772373e-02
 -1.8526666e-02
  1.9378740e-02
  4.8269566e-02
 -7.3695712e-02
 -5.2720044e-02
  8.2404781e-03
 -1.2512921e-02
  2.2752671e-02
 -1.0219398e-02
  6.2206555e-02
  5.7110943e-02
  6.0405195e-02
  7.5474759e-03
 -3.2702032e-02
 -7.4112345e-03
 -9.7711653e-02
 -6.8197006e-01
  1.5180670e+00
 -1.1317581e+00
 -2.4861398e-03
  2.9754585e-02
  2.0785226e-01
  7.3699489e-02
  8.6322650e-03
  1.6511592e-01
  1.1182350e-01
 -9.0039894e-02
 -1.3163392e-01
 -8.1215918e-02
  6.2838569e-03
  2.7357072e-03
  7.9736620e-02
 -1.1701470e-01
 -2.2460723e-02
 -6.7912102e-01
  7.2033419e-03
 -1.3920494e-02
 -4.0285252e-02
  2.1414319e-03
  1.3091730e-01
  8.6291812e-02
  4.8806172e-02
  1.9046130e-02
  4.1875236e-02
 -3.9419655e-02
  1.1359601e-01
  2.7414855e-02
  3.9069258e-02
 -5.0990488e-02
  4.2681370e-02
 -1.8238058e+00
  3.3614048e-01
  3.2486942e-01
  7.3517948e-01
 -3.2476436e-03
  5.5875964e-02
 -1.1846600e-01
  3.3454522e-02
  8.9277271e-03
 -1.0334302e-02
  8.5724667e-03
  1.3935184e-02
  2.3743233e-02
  8.3360754e-02
 -1.0444704e-02
 -2.0420173e-02
  7.4688238e-03
  1.3357209e+00
  3.0660002e-02
 -4.3499157e-02
  1.0438718e-01
  3.6711793e-02
  3.2442871e-02
  1.3454711e-02
  3.1493232e-03
  3.0297261e-02
  4.4303216e-02
  7.6344483e-02
 -5.1906355e-02
  5.5760574e-03
 -2.1121861e-02
 -5.3661827e-02
 -2.0243879e-02
 -6.8199396e-02
  1.6028157e-02
  1.2560153e+00
 -5.7428664e-01
 -2.1007311e-01
 -7.7374125e-01
  2.9812206e-02
 -3.8855731e-02
 -2.6788555e-02
 -1.2170868e-01
 -4.4558935e-02
  2.2241473e-02
 -3.0001244e-02
  1.5220508e-02
  1.7915092e-02
 -3.7264150e-02
 -1.2010155e-01
 -9.6658833e-02
  3.0767385e-02
 -1.2925206e-01
 -1.0566809e-01
 -1.1302213e-01
  1.7426939e-01
 -3.6575828e-02
 -9.3258731e-02
 -2.2633881e-03
 -1.3370880e-02
  6.1403979e-02
  5.6231201e-02
 -1.0088184e-02
 -3.5151985e-02
  4.3062877e-02
  6.2816902e-03
  1.3500581e-02
 -2.5938384e-02
  5.8009704e-03
  1.4884657e-01
 -1.3607496e+00
  2.6886174e-01
  2.4996854e-01
  3.3373457e-01
  2.0725664e-01
  8.8097425e-03
 -7.0426948e-03
  6.5771967e-02
 -1.2723319e-01
 -4.8879854e-02
  2.2618562e-02
 -8.4813051e-02
  1.0956420e-02
  1.9252531e-02
 -1.2847048e-01
  4.8708074e-02
  1.3575006e-01
  2.9832965e-02
  9.5702969e-02
 -1.2408847e-02
  4.4458080e-02
 -1.4793947e-02
 -1.3113012e-02
  3.8154297e-02
  1.4503804e-01
 -3.2109588e-02
  1.8469263e-02
  8.6432338e-02
  3.2188073e-02
  8.0066407e-03
  2.0083573e-02
  6.6782892e-02
  3.7897635e-02
  3.9741471e-02
 -1.9623362e-02
 -8.1282055e-01
  3.0535051e-01
  3.9948449e-01
  4.0871876e-01
  4.3683250e-02
 -1.1509113e-02
  7.6118186e-02
  3.5749428e-02
 -5.9894055e-02
  1.4446157e-02
  9.5796883e-03
 -9.1062384e-03
  4.6846885e-02
  8.9524873e-02
  4.1686562e-03
 -2.1830093e-02
 -2.3153390e-01
  3.9831743e-02
 -1.6876504e-02
  4.0957659e-02
 -7.4823208e-02
 -9.0838894e-03
  1.4300217e-01
 -1.1894897e-03
 -8.1364131e-03
 -1.2469576e-01
 -3.6048669e-02
 -9.4960034e-02
 -2.4416861e-03
 -3.1115545e-02
  3.1482097e-02
 -1.8803490e-02
  4.6944164e-02
  5.5900760e-02
  1.4633290e-02
  9.0163279e-01
 -6.8405533e-01
 -2.4814026e-01
 -9.1419107e-01
 -5.7500195e-02
  4.2702936e-02
  5.3682350e-02
  2.2873029e-02
 -2.0050418e-03
 -5.2340414e-02
  1.5767938e-02
 -2.4992345e-02
 -7.0012204e-02
 -5.8734734e-03
  6.0275171e-02
  3.2302998e-02
  7.4541144e-02
 -1.9566903e-01
 -8.9392975e-02
  5.9582859e-02
  3.4711439e-02
  1.5537188e-02
  3.5316541e-03
 -1.2783661e-02
 -2.5174133e-02
 -1.0009499e-02
  6.8236269e-02
 -3.8495716e-02
 -3.1330688e-03
  2.2465194e-02
  3.3933562e-03
 -9.3715735e-02
 -5.7957847e-02
 -7.8537360e-02
 -3.5245568e-02
  8.2203513e-01
  1.7393852e+00
  8.5611254e-01
  2.0773389e+00
  1.1694556e+00
 -6.0995162e-01
 -5.6897891e-01
 -2.3922151e-01
  3.6941263e-01
 -4.2575213e-01
 -1.1364089e-02
 -3.1727111e-01
  4.4601747e-01
  3.2126752e-01
  1.1673260e-01
 -1.0672437e+00
 -4.5962954e-01
  1.0352377e+00
  3.8657665e-01
  2.1601791e-02
 -6.5287304e-01
 -2.1417379e-01
  6.3284653e-01
 -3.4054357e-01
 -6.4372432e-01
 -9.5158190e-02
  1.8938156e-02
 -2.7643353e-02
 -1.9103993e-02
  6.2927946e-02
 -4.5069750e-02
  1.1772554e-02
  9.5627517e-01
  8.8372111e-02
  5.6782658e-03
  3.5185349e-01
 -1.4695954e+00
  9.3506994e-03
  7.1520263e-01
 -9.8594052e-01
  8.3342332e-01
  3.2107267e-01
  1.6061461e-01
  1.0089824e-01
  8.9862442e-01
  8.8731669e-02
  3.5809833e-01
  9.2883460e-02
  2.3376909e-01
 -6.7369454e-02
  5.8204275e-01
  1.1648705e-01
  4.2807701e-01
 -9.8429441e-02
  4.0279058e-01
  2.6803383e-01
  1.6657104e-01
  4.0294421e-01
 -1.0989172e-02
  5.5405980e-01
  1.1010130e-02
 -1.3604052e-02
 -9.7952429e-03
  2.7722546e-03
  7.2849146e-03
 -4.6300154e-02
  1.0468325e-02
 -7.0121281e-02
 -9.6887104e-02
 -1.0826667e-02
 -8.1317216e-01
  9.8776788e-02
  2.7838123e-01
  5.1252389e-01
  9.3319296e-04
  1.8886255e+00
 -2.6820397e-02
 -6.5703362e-02
  8.5585155e-02
 -2.2972438e-02
 -1.1487965e-02
  1.6986473e-02
  1.0041279e-01
  6.4676944e-03
 -3.2672812e-03
 -1.1922076e-03
 -1.2711056e-01
  8.2254484e-03
 -5.8158185e-02
 -7.2557060e-03
 -7.4724383e-05
 -3.2663811e-02
  4.4094987e-02
  5.3490795e-02
 -1.3311520e-02
 -6.3691780e-02
 -4.0269107e-02
  1.2837946e-02
  1.8381068e-02
  7.4438505e-02
 -2.2389488e-02
 -9.2903938e-05
 -4.3197833e-03
 -2.5346184e-02
  6.8351939e-02
 -7.0655143e-01
  3.3643103e-01
  1.6108359e-01
  6.1822796e-01
 -1.9073734e-02
  1.5010634e-02
  2.8001674e-02
 -1.0381113e-01
 -1.7506132e-02
 -1.2353178e-01
  9.7949691e-02
  1.1520903e-02
  1.1450586e-01
  8.6749896e-02
  3.4650504e-03
 -5.4577217e-02
 -2.1537272e-02
  8.0386233e-03
  8.8398807e-02
  2.5556009e-02
  9.3030058e-02
 -2.9739333e-02
  1.5090883e-01
  2.4234613e-02
  2.4211770e-02
  7.1134128e-02
 -8.9396313e-02
  5.7317544e-02
 -1.5320681e-02
 -4.0715910e-02
  5.0050650e-02
  4.3911668e-03
 -3.5389543e-02
 -3.2552667e-02
 -8.0146499e-02
 -1.1556339e+00
  3.3804157e-01
  1.6987953e-01
  2.8736869e-01
  5.4727502e-02
  4.3577772e-02
  3.1630818e-02
  1.6997011e-02
 -2.1695383e-02
 -1.9712244e-01
  4.5638781e-02
  4.5923549e-03
  6.8633176e-02
 -5.5792434e-03
  1.3754378e-02
  2.6067080e-02
 -4.8127003e-02
  2.9052777e-02
  2.2997072e-02
 -8.8059284e-02
 -4.9762487e-02
  5.2721739e-02
  1.1305247e-01
 -5.1664654e-03
 -4.6517126e-02
 -5.7678642e-03
 -7.1590595e-02
 -1.5314843e-01
  3.2339107e-02
  5.1810984e-03
  1.7102733e-02
 -1.9948971e-01
 -6.7846082e-02
  2.7247069e-02
  4.7797170e-02
 -3.0893660e-01
  2.2702226e-01
 -4.5956546e-03
  6.0256159e-01
 -5.7971306e-02
 -7.2388100e-03
  1.9967582e-02
  1.9601713e-01
 -1.3870905e-02
  3.9533067e-02
 -4.1779779e-02
  2.4259541e-02
 -3.4187394e-03
  4.4637695e-02
 -2.8570041e-02
 -2.4647523e-02
 -7.3131284e-04
  6.3531727e-02
 -5.0999526e-02
  1.6722821e-02
 -1.1439487e-02
  1.4187654e-02
  2.0284487e-02
 -1.9400777e-02
  9.3143521e-04
 -5.9787530e-02
  1.2276880e-02
  4.1550370e-03
 -2.8187772e-02
  2.2664429e-03
 -2.6816657e-02
 -3.8069513e-02
 -5.8067668e-02
 -1.5306531e-02
 -8.9994026e-03
 -2.8427320e-03
 -3.1030307e+00
 -2.4375122e+00
  1.9960624e+00
 -2.4030292e+00
  2.3990815e+00
  1.9718163e+00
  1.8508067e+00
 -2.5008781e+00
  2.0224204e+00
  2.4155943e+00
  2.5461447e+00
 -2.3802128e+00
  3.0959602e-02
  3.0370443e+00
 -2.3921061e+00
 -7.7472657e-01
 -2.0881102e+00
 -2.3721242e+00
  2.4186149e+00
 -2.0097213e+00
 -1.6797477e+00
  2.0601697e+00
  2.5988178e+00
  1.5468063e+00
  2.7343657e+00
  2.5407226e+00
  2.6960890e+00
  1.4017838e+00
 -1.8983533e+00
  2.4710186e+00
 -2.4251783e+00
  2.4088714e+00
  9.5410031e-01
 -1.1763420e+00
 -1.1674724e+00
  2.5970039e+00
 -1.4667709e+00
  2.4516749e+00
 -1.4909194e+00
 -2.3014064e+00
  1.9327880e+00
  2.2581596e+00
  2.7119422e+00
 -2.0797279e+00
  1.4376527e+00
 -1.4897766e+00
  2.0128498e+00
  3.0961220e+00
 -1.3980365e+00
  2.0088577e+00
 -2.2427745e+00
 -2.4695964e+00
  2.2374442e+00
  9.2513800e-01
 -8.0631375e-01
 -2.0024054e+00
 -2.3669384e+00
 -2.0947363e+00
 -1.9891571e+00
  1.9857478e+00
 -2.2826250e+00
 -2.0275228e+00
  1.7577654e+00
 -9.9140817e-01
  8.9484638e-01
  5.6489122e-01
  6.7915910e-01
 -2.7918184e+00
  7.2193974e-01
  1.4340692e+00
  8.2532138e-01
 -1.2836109e+00
  1.1142874e+00
  2.2971933e+00
 -2.7554111e+00
 -1.3621323e+00
 -1.5452981e+00
 -1.1774890e+00
  4.0953851e+00
 -4.0314141e-01
 -4.1195548e-01
  5.8526802e-01
  1.0127591e+00
  8.8095081e-01
  2.7004421e+00
  1.9337665e+00
  1.4324027e+00
  2.5906270e+00
 -2.2577784e+00
  4.3730984e+00
 -2.3441269e+00
  3.7131085e+00
 -7.6053476e-01
 -1.1097752e+00
 -3.7938731e+00
  2.5867155e+00
 -1.2314904e+00
  3.9297359e+00
 -1.2699215e+00
 -1.4341366e+00
  1.4615772e+00
  2.5794573e+00
  4.0772986e+00
 -3.5840452e+00
  8.9926600e-02
 -1.1442739e+00
  1.8137949e+00
  2.2067747e+00
 -1.3301316e+00
  1.8571606e+00
 -1.1582006e+00
 -2.2556765e+00
  2.6742902e+00
 -1.3508869e+00
  6.4883935e-01
 -5.1419151e-01
 -2.0008190e+00
 -8.3913374e-01
 -3.0154759e-01
 -1.0087025e+02
  2.3036933e-01
  1.0674998e+00
 -2.3750167e+00
 -6.7608994e-01
  1.3410330e+00
  6.9339371e-01
 -3.4222227e-01
  1.7718059e+00
 -4.2071655e-01
 -1.1022086e+00
  5.3000927e-01
  7.8547961e-01
  9.4016999e-01
  1.3848339e+00
  7.6470286e-01
 -1.9305863e+00
  5.9759712e-01
  2.6860705e-01
  2.2531576e+00
 -3.4708490e+00
 -9.6558493e-01
 -4.9808991e-01
  1.1382018e+00
 -3.0021913e+00
  1.4383224e+00
  1.4486125e+00
 -1.6658310e+00
 -1.9206927e+00
  5.0309092e-01
  2.5666672e-01
 -3.6629450e+00
 -6.6668302e-01
  2.8183642e-01
  1.6070111e-01
 -1.4330672e+00
 -6.0919785e-01
 -2.3615367e+00
 -2.2489314e+00
  1.1147296e+00
 -1.3027365e+00
 -3.2934152e-02
 -7.6932275e-01
  8.6474168e-01
  2.0913713e+00
  3.7234870e-01
 -4.3961283e-02
  4.6921396e-01
  1.4858984e+00
 -4.9596018e-01
 -3.0095840e+00
 -4.7402886e-01
  2.3820517e+00
 -6.5135545e-01
 -8.3844954e-01
  6.9836086e-01
  4.0702820e-01
  1.7203052e-01
 -1.5170130e-01
  2.4298747e+00
  1.1078507e-01
 -2.2863157e+00
 -1.6136599e+00
  1.2119963e+00
  1.4153408e+00
 -2.3797731e+00
 -4.0478617e-02
 -3.0681068e-01
  3.0325201e-01
 -7.9547143e-01
 -1.1191185e+00
 -3.6015722e-01
  1.4625576e+00
 -6.2332642e-01
  4.6015215e-01
 -3.9499280e-01
 -3.3805913e-01
 -5.0974399e-02
 -3.6414489e-03
  5.3753310e-01
  1.1527966e+00
 -2.7338076e-02
  3.7914622e-01
  1.4085225e+00
  6.9517994e-01
 -1.7555234e+00
  2.3292361e-02
  5.8752292e-01
  1.2660751e+00
 -5.6648660e-01
  4.3972418e-02
  1.1149375e+00
  8.3638567e-01
  2.1517301e+00
  1.1984503e+00
  1.1852255e-01
  4.9131396e-01
  1.9185022e+00
  9.9112548e-02
  1.6230656e+00
  9.5890266e-01
  4.9987206e-01
  1.0113958e-01
  1.3973874e+00
  1.1734915e+00
  2.2415867e+00
  4.5857215e-01
  3.5187149e-01
  2.0608810e-01
 -2.7224824e+00
 -1.3957072e+00
  3.0384409e+00
  1.2418954e-01
  6.9533870e-02
  3.8916335e-02
  3.8549263e-02
  6.5876371e-01
  5.9734720e-01
 -2.3113961e+00
 -2.3958199e+00
  3.5813894e+00
  1.3442219e+00
 -2.5298078e+00
 -2.5809987e+00
  2.0536120e-01
 -7.2907913e-01
  1.0496072e-01
 -1.2648729e+00
  3.5119698e+00
 -2.2517655e+00
 -9.4508809e-01
  1.9606962e+00
  2.3052278e+00
 -4.1583209e+00
 -2.2405307e+00
  1.2951456e+00
  4.5584649e-01
 -2.4228959e-01
  5.1193869e-01
  1.9930826e+00
  1.1916017e-01
 -8.8399822e-01
  2.4850686e-01
  1.4837867e+00
  7.8002930e-01
  1.6126178e-01
  3.2288152e-01
  9.9655169e-01
  3.6849171e-01
  5.4825050e-01
  5.0800359e-01
  4.8106796e-01
  1.2592444e+00
 -2.7239857e+00
 -1.4280044e+00
  4.3555679e+00
  2.5907767e+00
 -1.4526938e+00
 -2.3676400e+00
 -3.8067147e-01
 -8.5191864e-01
  3.6266937e+00
  1.5803865e+00
 -1.3483404e+00
 -8.2175285e-01
  4.9594542e-01
 -2.0227148e-01
  2.1241078e+00
  2.6219642e+00
 -8.6397672e-01
 -1.1193744e+00
 -1.5801194e+00
 -8.7104881e-01
 -7.4932921e-01
  1.2635547e+00
 -1.3300388e+00
 -1.7820109e+00
  1.2300322e+00
  3.9635134e-01
 -7.7922612e-01
 -1.0378994e+00
  9.7115821e-01
 -1.3462788e+00
 -6.2045300e-01
 -6.1939585e-01
  3.5510948e+00
  5.7783503e-02
 -1.2537514e+00
  1.1335979e+00
 -7.3421001e-01
 -2.2040915e+00
  2.3973703e+00
  2.5744119e-01
  2.6868722e-01
  2.5252563e-01
  4.0569552e-03
 -1.4902967e+00
  2.6130858e-01
  3.6599684e-01
 -1.1267256e+00
  7.3960745e-01
 -1.4195553e+00
  3.2020426e-01
  1.4740291e+00
  1.7150718e+00
 -5.4785240e-01
  2.4979982e+00
 -6.5232140e-01
 -9.6487498e-01
 -1.3453320e-01
  2.6897562e+00
 -2.0753207e+00
 -1.1105822e+00
  3.8439101e-01
  1.0085369e+00
 -1.3409096e+00
 -1.5003183e-01
  3.3394840e-01
 -3.9481488e-01
 -2.9697019e-01
 -1.7893797e-01
 -1.0927351e+00
 -4.7946236e-01
  7.4238725e-02
  8.5080886e-01
  1.0896968e+00
 -2.1360219e-01
 -1.5185318e+00
 -5.9346193e-01
 -5.4264814e-01
 -1.2843617e+00
 -9.5398438e-01
  1.2996122e+00
 -1.1119777e+00
 -8.1690460e-01
 -5.5201408e-02
 -5.1598698e-03
  6.0342407e-01
  6.2452632e-01
  2.5375297e+00
 -1.0775646e+00
 -2.9515165e-01
 -5.2044153e-01
  1.2495903e+00
  2.1413514e-01
 -1.4997698e+00
 -3.7030911e-01
 -1.4094293e-01
  1.8853776e+00
 -9.1924959e-01
  3.5427564e-01
 -7.5444031e-01
  9.4588763e-01
  1.0463096e+00
  6.4170557e-01
 -1.0821494e+00
 -3.2970279e-01
  3.8035762e-01
  8.5207656e-02
  3.8759606e-03
 -8.7077296e-01
  2.7669370e-01
 -1.6029481e-02
 -1.9836181e+00
 -1.8054496e+00
  1.8639125e-01
  5.9520507e-01
 -2.2724989e-01
 -1.9292517e-01
  3.3005682e-01
  2.3231198e-01
 -3.6118713e-01
 -1.6532704e+00
 -1.2916142e+00
 -8.2072061e-01
 -8.7534165e-01
 -2.3775215e+00
  1.8317738e-01
  4.3315867e-01
 -1.7446695e-02
 -1.2864196e-02
 -2.4737108e-02
 -6.8601437e-02
 -1.2513779e+00
 -2.0643294e+00
 -1.6687161e-01
 -9.1641702e-02
 -1.1842289e+00
 -1.1165265e+00
 -1.0012858e+00
 -1.1676486e+00
  2.3287940e+00
  9.5430917e-01
  7.2825098e-01
  7.6375888e-03
 -2.3064107e-02
 -1.9442061e-02
  2.3853283e+00
 -4.4134736e-01
  1.3869092e+00
  1.5056554e+00
  2.4108531e+00
  4.0527630e-01
 -9.7870672e-01
  7.0934922e-01
  9.6107185e-01
 -2.4371300e-02
 -2.4829032e-02
  3.2077539e-01
 -1.3611346e+00
 -5.2542830e-01
  4.8935214e-01
  1.0255266e-01
 -3.4386401e+00
 -8.4697431e-01
  1.7571739e+00
  6.4810538e-01
 -2.2530692e+00
 -4.7415397e-01
  1.1307400e-01
  2.8985459e-01
 -1.3847913e+00
 -2.9916310e-01
  3.3126685e-01
  8.3048940e-01
 -7.4395275e-01
 -1.8775305e-01
 -1.7932266e+00
  1.9455296e+00
 -2.4439120e+00
 -3.3323609e-03
 -1.0777418e-01
  6.3904506e-01
  8.7920725e-01
 -1.4444333e-01
 -9.2918240e-03
 -2.5564950e+00
  4.2750880e-01
 -1.1151205e+00
  1.3831772e+00
  1.1290802e-01
  6.8425173e-01
  2.2296011e-02
  7.9186903e-03
  1.4864535e-02
 -8.7585008e-01
 -8.5459687e-02
  6.6166341e-01
 -1.4065669e+00
 -1.4651970e+00
 -3.4989324e-01
  1.2372841e+00
  2.0138367e-01
  4.4496554e-01
  4.9875379e-02
  1.2712383e-02
  1.1697272e+00
  2.4820454e-01
 -3.6404333e-01
  4.7946960e-02
  1.3082350e+00
  3.0086923e-02
  3.0086923e-02
  3.0086923e-02
  3.0086923e-02
  3.0086923e-02
  2.0425856e-01
  2.0425856e-01
  2.0425856e-01
  2.0425856e-01
  2.0425856e-01
  1.6406114e-01
  1.6406114e-01
  1.6406114e-01
  1.6406114e-01
  1.6406114e-01
  5.0968606e-02
  5.0968606e-02
  5.0968606e-02
  5.0968606e-02
  5.0968606e-02
  2.4792863e-02
  2.4792863e-02
  2.4792863e-02
  2.4792863e-02
  2.4792863e-02
  1.7113474e-01
  1.7113474e-01
  1.7113474e-01
  1.7113474e-01
  1.7113474e-01
  8.9403339e-02
  8.9403339e-02
  8.9403339e-02
  8.9403339e-02
  8.9403339e-02
