nep4_zbl 2 Ga In 
zbl 1.25 2.5 0.7
cutoff 6 5 68 39
n_max 4 4
basis_size 8 8
l_max 4 2 1
ANN 60 0
  9.4820553e-01
  8.6118484e-01
 -1.7379451e+00
  6.4902020e-01
 -1.8032821e-01
  6.4992982e-01
  1.6105895e-01
  2.1416153e-01
  8.8122070e-02
  1.4661933e-01
  7.4845232e-02
 -3.0664733e-01
  5.6131214e-01
 -6.5719925e-02
 -4.6774179e-01
  8.1494910e-01
 -1.3757226e-01
 -2.2258848e-01
 -2.0900699e-01
  1.0867075e-01
  1.1270677e+00
 -2.9899719e-01
 -5.5455863e-02
 -3.2004929e-01
  3.3553210e-01
 -2.3332046e-01
  1.2960462e-01
  4.7196642e-01
  1.2706507e-02
  5.2412366e-03
 -2.6934680e-01
 -1.4813231e-01
 -2.0543943e-01
 -1.2748690e-02
 -2.7618802e-01
 -3.6830702e-01
 -1.3631058e+00
 -1.8613015e-01
  3.3641763e-02
  8.7365675e-01
 -3.6689166e-02
  1.6625393e-02
  2.0372532e-02
  8.1615798e-02
  7.7982219e-03
  4.2455580e-02
 -4.9412736e-01
 -6.3073590e-02
  2.2925096e-02
 -2.5964782e-03
 -1.1935355e-02
 -9.4806992e-02
 -8.6568678e-03
 -1.5764184e-02
 -1.0318858e-02
 -1.8891336e-02
  5.3028669e-02
  1.0252435e-02
  2.7288869e-02
  3.1268443e-03
  4.5211152e-03
 -2.0842057e-02
 -9.6675649e-02
 -3.2124087e-02
  9.1220398e-04
 -1.8098164e-02
 -2.8441556e-02
 -5.1680405e-02
 -1.4040885e-02
  8.9094313e-03
 -1.1446375e+00
  5.0505191e-01
  1.3804619e-01
 -2.4301102e+00
 -8.1461495e-01
 -1.6041099e-01
  2.2665154e-02
 -2.3744367e-02
 -1.1080117e-02
  1.8930240e-02
  9.1451094e-02
 -2.0960867e-03
 -1.4704134e-01
  5.2359834e-02
  2.0420499e-02
  3.3367816e-02
 -5.2934121e-02
 -1.1212420e-01
 -4.3182713e-03
 -9.6631693e-03
  2.5011254e-02
  3.9760236e-02
  9.6612256e-03
 -2.6400609e-02
 -1.7308796e-02
  8.8433541e-02
 -2.5697138e-02
 -1.2687269e-01
  6.5490487e-03
  1.5320419e-01
 -1.5649199e-02
  1.0589816e-01
  1.0428771e-02
 -2.2049999e-02
  5.1191289e-02
 -4.5568001e-01
 -5.1769459e-01
 -1.4377718e-01
  5.1838619e-01
  1.4095989e+00
  4.5455331e-03
 -8.0727162e-03
  1.7652582e-02
 -5.2497997e-03
 -6.3680567e-02
 -1.1567501e-02
 -4.1086983e-02
 -8.7448172e-02
  2.6121600e-02
  5.6674726e-02
 -5.4376811e-02
 -4.1489750e-02
  4.4993495e-04
  1.0080643e-04
 -2.3112282e-02
 -4.2708784e-02
  1.9077368e-02
  1.7950699e-02
 -4.8529159e-02
  2.8063587e-03
 -5.1035345e-02
 -3.0543806e-03
  5.3355739e-02
 -6.5654680e-02
 -3.3336766e-02
  6.0061794e-02
 -2.5158679e-01
 -9.1566481e-03
 -6.1628534e-03
 -3.4285650e-02
 -1.5677424e-01
 -1.8895077e+00
 -2.7114025e-01
 -2.2352520e-02
  5.5059797e-01
 -5.7294406e-02
  2.8361758e-02
  4.4837827e-03
 -9.2563769e-03
  3.5195611e-02
 -9.7365096e-02
  3.5824426e-02
 -7.2660488e-03
  1.4895737e-02
 -5.6156769e-02
  1.3324334e-01
  1.4245561e-02
  2.7741335e-02
 -1.8271659e-02
  3.1487022e-02
 -5.4935636e-03
  6.3345633e-02
  4.2149536e-02
 -1.0091400e-01
 -2.9252270e-02
 -1.2126696e-02
  1.3438907e-01
  2.3645377e-02
 -9.4603576e-02
  9.3287397e-03
  1.9601740e-02
 -7.8576393e-02
 -2.5123211e-03
  4.9847715e-02
 -2.1808479e-02
 -1.0011064e+00
  1.2554716e+00
 -9.6982139e-01
 -2.2720671e+00
  1.0032488e-01
  2.8192860e-01
 -4.3465711e-02
  7.3637718e-01
 -8.0291367e-01
 -9.4775718e-01
  5.9790385e-01
  8.2099527e-01
  9.0557694e-01
 -1.5338656e-01
  2.6566011e-01
  1.1775116e+00
  7.2712171e-01
 -3.4276690e-02
  8.1391203e-01
 -1.4472194e+00
  1.2691449e-01
  3.6825508e-01
 -6.0433334e-01
 -6.0363376e-01
  1.1046692e-02
  7.9234838e-02
  2.5458035e-01
 -4.8877519e-02
 -1.9322738e-02
 -1.4253505e-02
 -3.3282519e-03
 -2.0053629e-03
  1.7060237e-02
  9.1094799e-02
 -4.3448005e-02
 -2.3961474e-01
 -3.7157142e-01
 -8.4318125e-01
 -1.2670603e-01
  1.0570939e+00
 -1.4099759e-01
 -6.7880504e-02
  7.0766294e-03
 -1.1446372e-02
 -4.1756678e-02
  1.1726816e-02
  3.1331545e-03
  5.0426539e-02
 -3.7909359e-02
  1.0962511e-02
 -8.8139690e-02
  9.4517291e-02
  2.7738454e-02
 -1.0805272e-02
  2.7622622e-03
 -5.0668779e-04
 -9.5460052e-04
 -4.5673437e-03
  5.1567957e-02
  1.3910292e-01
 -5.8888771e-02
 -1.0516283e-02
 -3.8513012e-02
 -7.5798877e-02
 -3.5597511e-02
  3.1849749e-02
 -1.0297055e-02
 -1.5625659e-02
  7.1779057e-02
  8.1816182e-02
 -1.9694690e-01
 -5.7261592e-01
 -8.6041832e-01
 -2.8446305e-01
  1.3916322e+00
 -4.3208059e-02
  1.9192891e-02
  3.8895346e-02
  6.0638029e-04
 -3.6743868e-02
  6.6869330e-01
  6.2525809e-02
  1.4098912e-02
  3.3867765e-02
 -5.4837223e-03
 -6.9726147e-02
  9.5676690e-02
 -1.1454679e-02
 -6.1921317e-02
  8.3931454e-02
 -1.4593493e-02
  4.7234382e-02
 -4.0424787e-03
 -2.7648933e-02
 -8.1124529e-02
  2.1166170e+00
  5.8368952e-03
 -2.3101613e-02
 -6.0047857e-03
  9.8482899e-02
 -1.1794438e-02
  1.4594519e-01
 -2.7629787e-02
  6.0161270e-02
 -8.1985034e-03
 -3.6431068e-01
 -1.5934016e+00
 -3.7230021e-01
  6.3719817e-02
  4.3595198e-01
 -2.6145233e-03
 -1.0482339e-01
  1.5146832e-01
 -2.2950942e-02
 -5.3726349e-02
  9.3187556e-02
 -3.4287047e-02
 -3.0746423e-02
  2.3043973e-02
 -2.9040132e-02
  8.2558626e-03
 -4.7379766e-02
  8.9264691e-02
 -1.3259425e-02
 -5.7337419e-03
 -5.0971478e-02
  2.0318983e-02
 -1.4130019e-01
  8.2778521e-03
  1.0943476e-01
  1.2413880e-02
 -2.8498510e-02
 -9.3964413e-02
 -1.1442304e-01
  6.0664594e-02
 -7.5846151e-03
 -1.6497813e-02
 -2.9472888e-02
  8.6668916e-02
  1.9294841e-02
  3.0775040e-01
  1.4935316e+00
  3.3605877e-01
 -8.8520627e-03
 -5.0935203e-01
  3.9331798e-02
  1.1741552e-01
  2.8291973e-03
 -3.5909992e-02
 -5.0304644e-02
 -3.2205828e-02
 -1.7634369e+00
  8.2532644e-02
  2.9305207e-05
 -6.2089495e-02
  5.3533871e-02
  2.7659960e-02
  8.2075633e-02
 -1.0676584e-01
 -1.6259100e-02
 -1.4681417e-02
 -1.0432681e-01
 -8.0783227e-03
  4.8449919e-02
  1.3348721e-02
  3.0450178e-02
 -7.8355268e-02
 -1.1072302e-03
 -3.1114295e-02
  4.1092381e-02
  5.7859641e-02
 -7.7149547e-03
  6.6857897e-02
 -3.1980088e-03
 -3.0836377e-03
 -3.5729900e-01
 -1.3261251e+00
 -9.4199240e-02
  1.4822790e-01
  9.3931067e-01
  4.3150056e-03
  9.9160798e-02
  4.7421589e-02
 -5.5528819e-03
 -3.3470076e-02
 -3.5151269e-02
 -4.0117111e-02
  3.8395479e-02
 -5.3601220e-02
  2.6423128e-02
  5.2257989e-02
  1.6269602e-02
 -5.4496489e-03
  1.3217846e-03
  1.1276506e-02
  9.5761798e-02
  6.8209872e-02
  4.3224050e-03
 -1.8805161e-02
 -5.0886504e-02
  4.0174536e-02
  1.3013677e-01
  3.1305220e-02
  8.8037346e-03
 -1.1608329e-02
  1.1107384e-01
  8.9006513e-02
 -4.9278033e-03
  7.2623421e-03
  6.9383942e-02
 -1.8011494e-01
 -1.4275485e+00
 -5.6301689e-01
  7.2876029e-02
  8.9557111e-01
  2.6854221e-02
  1.3954053e-02
  9.5949978e-02
  1.4817662e-03
  2.3721555e-02
 -4.5967054e-02
  3.7831508e-02
 -7.2408967e-02
 -3.6292188e-04
  2.5628535e-02
 -4.9373065e-03
  1.5268810e-02
 -4.3838926e-02
  8.5704483e-02
  5.5179793e-02
  6.3500809e-03
  2.7259633e-02
  7.0284240e-02
  7.1544193e-02
 -1.6841430e-02
 -7.1524426e-02
  7.3946349e-02
 -3.5448451e-02
  1.4514209e-02
 -4.2003593e-01
  6.5063171e-02
  2.2690648e-02
 -8.9634918e-03
  6.2038843e-03
 -5.2360264e-03
  1.8419638e-01
  1.0196182e+00
  4.0597910e-01
  3.2294080e-02
 -7.8338373e-01
 -4.6824526e-02
 -1.3795448e-02
  4.8354636e-03
  1.3032719e-01
  7.1304344e-02
 -1.8525340e-02
  1.0922857e-03
 -6.1120022e-02
 -4.6312515e-02
 -1.3880954e-02
  4.3820459e-02
 -1.6547013e-02
  2.2199636e-02
  1.2447979e-01
  4.7977004e-02
 -3.6854874e-02
 -2.0021182e-02
 -4.7129698e-02
  1.7799094e-02
 -2.0178914e-02
 -2.5530897e-02
 -2.5034423e-03
  3.2819621e-03
 -8.2647383e-02
  3.1770308e-02
  2.8371988e-02
  5.0392192e-02
  6.3407719e-02
  7.5620092e-02
  1.2808437e-02
  5.6498772e-01
  1.2533822e+00
  3.2255793e-01
 -8.4065504e-02
 -8.4726459e-01
  2.1246485e-02
  1.5090130e-02
 -1.8316007e-01
  1.1843870e-02
 -6.6309079e-04
 -5.0422918e-02
 -3.8857821e-02
  5.4101292e-02
 -1.9980170e-02
  2.9657779e-02
  5.5950318e-02
  3.1976540e-02
 -1.0558282e-02
  3.1925201e-02
 -3.3054471e-02
  1.2527761e-01
  2.0232832e-02
 -3.4601197e-02
  5.4707430e-02
 -1.0259080e-02
  1.1624736e-01
  8.8003203e-03
  1.1957851e-02
 -6.5529451e-02
  1.8365035e-02
 -2.0908603e-02
 -2.7972693e-03
  4.3477960e-02
  8.9328587e-03
  4.7986582e-02
 -1.6562684e-01
 -1.3298124e+00
 -3.5501966e-01
  1.0245376e-01
  6.8304551e-01
  1.2382961e-01
 -7.8308238e-03
 -1.9213732e-01
  6.3689470e-02
  2.9012397e-02
 -5.9238140e-02
  9.0409555e-03
  3.4610685e-02
  2.0194871e-03
 -2.6795546e-02
 -3.6678862e-02
  1.2877616e-01
 -8.0964014e-02
  2.5925428e-02
 -5.7660501e-02
 -1.8059053e-04
  1.5854688e-02
 -3.6745962e-02
 -6.5242206e-03
 -2.3436515e-02
 -1.6615463e-02
  2.4525453e-03
  5.9389222e-02
 -5.5543330e-02
  4.6313521e-02
  1.4047785e-02
 -2.5312113e-02
  1.1660425e-01
  2.4999175e-02
 -4.3038253e-02
 -4.0276051e+00
  1.9893938e+00
  6.5419607e-02
 -1.2458459e+00
 -4.4635543e-01
 -1.2850842e-01
  4.3728463e-02
 -6.3929311e-04
  2.1617759e-02
  6.5233717e-03
  1.8080663e-02
  1.6703948e-03
 -3.4841797e-03
 -1.0750440e-02
  8.8917159e-02
 -7.7626221e-02
  7.6451443e-02
 -1.0556324e-01
 -1.7552181e-01
 -8.5297152e-02
 -3.4879424e-02
  6.7252062e-02
  5.2520307e-03
  8.8955602e-03
 -1.0643972e-01
  4.3386608e-02
 -2.9551785e-02
 -1.5162737e-02
 -2.6050732e-02
 -4.8746322e-05
  5.5947952e-02
 -8.6658292e-02
 -2.7643938e-02
 -2.2126799e-02
  5.9604388e-02
 -1.4265088e+00
  1.8938621e+00
 -4.0105972e+00
  1.5398468e-01
  8.1288260e-01
 -6.7630440e-02
  1.5278003e+00
  1.6704654e-02
  3.8104835e-03
  1.7874349e-02
 -3.6750894e-02
 -4.2720731e-02
 -9.1266027e-03
 -2.3101728e-02
  3.0520329e-02
 -6.5668620e-02
  2.8405286e-02
  3.1944770e-02
 -9.5301364e-03
  2.9287810e-02
 -2.4648895e-02
  6.0598381e-02
  1.2123891e-02
 -3.4685243e-02
 -1.3484823e-02
  7.1154162e-02
  2.0941036e-02
 -4.2352315e-02
  8.1489066e-04
 -5.6030951e-03
 -1.8940091e-02
  4.9543735e-02
 -6.7894752e-03
 -8.2850672e-02
  8.7324850e-02
  2.5726491e-01
  1.3077188e+00
  2.9275191e-01
  6.7072306e-03
 -8.4472162e-01
  1.2213032e-02
  9.7849052e-03
  1.8467918e-02
 -1.7705198e-02
 -7.6190359e-04
 -1.3628417e-02
  7.9484675e-03
  1.6254393e-02
  5.5225451e-02
  2.0218756e-02
  8.0948263e-02
 -8.7248553e-03
  4.6331827e-02
  2.9536515e-02
 -4.1375734e-02
  8.8969385e-03
 -6.5849766e-02
 -8.7564021e-01
  4.7606811e-02
 -5.8671203e-02
  4.7245519e-03
 -1.8034948e-02
 -3.1034047e-02
  7.1006514e-02
 -7.8736052e-02
  2.1815734e-02
 -3.1588759e-02
 -9.5235921e-02
  2.6552755e-02
 -4.9215309e-02
  1.5700673e-01
  1.3866699e+00
  3.6759573e-01
 -8.0488071e-02
 -1.1674044e+00
 -2.4320444e-02
  5.4397482e-02
 -1.7107867e-02
 -4.7736749e-02
 -2.7033588e-02
  1.0943844e-02
  1.5115871e-01
 -1.4392848e-01
 -2.6639357e-02
 -4.2467009e-02
  6.4982258e-02
 -4.6416279e-02
 -2.5976339e-02
  4.5807689e-02
 -1.2285382e-01
  5.8395825e-03
 -3.8841549e-02
 -3.1551927e-02
 -7.1469910e-02
 -5.2404176e-02
  5.7637338e-03
  2.9924652e-02
 -7.9840794e-03
  3.0473336e-03
  1.4428239e-02
 -7.6678202e-02
 -4.3640472e-02
  1.7405435e-02
 -6.6918647e-03
 -3.7087068e-02
  3.8155001e-01
  1.8750105e+00
  2.2907025e-01
  1.1374803e-01
 -7.0320755e-01
  4.9548247e-03
 -7.1865454e-02
  3.2842260e-02
  5.5366136e-02
  1.3015741e-03
 -1.5643325e-01
 -1.0685626e-01
  3.7247352e-03
  1.1159776e-02
  7.4467905e-02
  1.7830741e-02
  2.6957534e-02
  3.1868070e-01
  2.0159767e-03
  1.1700205e-01
 -5.2310270e-03
  3.0063886e-02
 -2.2139834e-02
 -4.3837409e-02
 -3.6688477e-02
 -2.3942962e-03
  3.7720390e-02
  2.7089188e-02
 -8.4614307e-02
  2.7032947e-02
 -5.5204865e-02
 -2.6580209e-02
  7.8589488e-03
 -6.4205624e-02
  4.0213868e-02
 -2.2582819e-01
 -1.5869769e+00
 -5.5555373e-01
  2.7495885e-02
  9.6058667e-01
 -2.8173108e-02
 -1.0234141e-02
 -2.9983861e-02
  3.1671438e-02
 -2.1766946e-02
  2.3273123e-02
  8.1888810e-02
 -4.8671182e-02
 -2.5427334e-02
  1.3093888e-02
 -4.8555106e-02
  4.1515399e-02
  4.7886066e-02
 -2.6826747e-02
 -3.4751128e-02
  4.1756809e-02
  2.3961900e-02
  6.0555547e-02
 -8.4465705e-03
 -9.7091869e-02
 -6.8947725e-02
  2.1506043e-02
  4.9234446e-02
 -1.2189997e-02
 -3.4893494e-02
  7.4583657e-02
 -6.8150288e-03
 -2.8392127e-02
 -1.4245505e-02
  1.6726781e-02
  7.9484618e-01
  1.7398897e-01
  8.9365411e-01
  4.9215186e-01
 -2.0188460e-01
 -1.2133017e+00
 -1.7162629e+00
 -8.7421840e-01
  1.0971382e+00
 -3.0537784e-01
 -3.9088674e-02
  4.9422377e-01
 -4.0596616e-01
 -7.1585184e-01
 -1.0980169e-03
 -9.7075242e-01
  4.8734874e-01
  3.1140747e-02
  9.9424595e-01
 -6.2618658e-02
 -1.1176711e+00
 -1.5237261e-01
 -3.1561442e-02
  6.0261804e-01
 -7.5476414e-01
  2.5636768e-01
 -1.7172400e-02
 -2.5650784e-02
  1.1575864e-01
 -1.0575404e-01
  1.3631499e-01
  1.2211627e-01
  4.2429063e-03
 -6.7554563e-02
  5.8105942e-02
 -1.3793759e-01
 -1.4590648e+00
 -1.8659368e-01
  1.5409036e-02
  1.1106603e+00
  1.8888980e-02
 -3.7476934e-02
 -6.9355585e-02
  1.5384273e-02
 -5.8151487e-02
  5.3203478e-02
 -5.3514294e-02
  1.6386914e-01
 -1.9173650e-02
 -1.2246104e-01
 -8.3428070e-02
 -1.2775922e-02
 -8.6825388e-03
  1.3975934e-02
 -8.6603956e-03
 -4.2903531e-02
 -1.0425269e-01
  6.2803492e-02
 -6.2874161e-02
  1.2410946e-02
  3.9855181e-03
 -1.3599009e-02
  3.0635582e-02
  2.6425552e-03
  1.4374429e-01
 -6.7677880e-03
  5.4328531e-02
  1.9751843e-02
  2.3541346e-02
 -5.4429723e-03
  1.8756929e-01
  1.6528397e+00
  2.3910752e-01
 -3.6525887e-02
 -7.8643650e-01
 -8.3611391e-02
 -8.0786772e-02
  5.2118287e-03
 -9.1829315e-02
  1.3469761e-02
  8.1631333e-02
  3.9140802e-02
 -2.2943711e-03
 -1.0212944e-02
  1.7063546e-01
  3.8976744e-02
  4.8042994e-02
 -3.8047109e-02
 -6.9628097e-02
  4.2414967e-02
 -6.5438420e-02
  8.0878232e-03
 -8.3530553e-02
  1.1504397e-01
 -5.0254283e-03
  3.1426895e-02
  8.5573521e-04
  3.0339088e-02
  1.4479560e-02
 -2.7738271e-02
  2.1590849e-02
 -3.3462919e-02
 -1.6815196e-01
  1.9349076e-02
 -7.6764643e-02
 -8.8062838e-02
 -1.3018095e+00
 -2.3490281e-01
 -2.3440255e-02
  8.1222552e-01
 -5.6276102e-02
 -3.6362600e-02
  4.5608364e-02
  1.8619943e-01
  2.5157586e-02
  3.3863720e-02
  1.0677264e-02
  4.6039138e-02
 -2.0952765e-02
  4.6816014e-02
 -4.3578345e-02
 -1.2055532e+00
  5.3979941e-02
  3.7816772e-03
 -1.0882181e-01
  2.0547239e-02
 -7.0763037e-02
  1.7115409e-02
  9.9543091e-03
  6.1700037e-03
  9.2184509e-04
  8.4879071e-02
 -3.1856965e-02
  8.4862281e-03
 -5.9592918e-02
  1.1990918e-01
  5.0058798e-03
  1.1170816e-01
  6.5509856e-02
 -2.9204234e-02
 -4.0772479e-02
 -1.1979263e+00
 -3.1985983e-01
  9.8209137e-01
  8.7274903e-01
 -4.2651862e-02
 -5.1063006e-03
 -4.0431663e-02
  2.7455365e-02
  8.2709573e-02
  9.0915889e-02
  1.3505359e-02
 -3.2521456e-02
  1.6858565e-02
  1.2864186e-02
  2.7653421e-03
  5.8810864e-02
  6.3630499e-02
 -3.9963733e-02
  2.9197343e-02
 -1.1766173e-02
  1.2403592e-02
 -1.4235223e-02
  1.1716764e-01
  4.6430014e-02
  1.2992449e-02
 -6.3449056e-03
  4.1149841e-03
  1.4349818e-02
 -5.7191126e-02
 -7.8098528e-02
 -9.3747087e-02
 -1.5862657e-02
  7.4973255e-02
 -9.4355205e-03
  7.0815921e-02
  1.3857261e+00
  2.2449949e-01
 -1.1009379e-01
 -7.0776755e-01
 -4.8618349e-03
 -1.3599970e-02
 -1.3382075e-02
 -1.0241203e-01
  1.1664886e-02
  7.1382135e-02
  2.0813944e-02
  1.1967044e-02
 -9.1634458e-03
  1.0386928e-01
 -8.0911301e-02
  2.1317549e-02
 -3.0555913e-02
 -9.6730571e-03
  4.3157867e-01
 -2.1406610e-02
  4.6665758e-02
  1.6086155e-01
  4.1245081e-02
 -2.8895153e-02
  7.6173253e-02
  8.0167994e-02
 -1.9054770e-02
  2.0882877e-02
  4.9279835e-02
  8.7410966e-03
  2.9225167e-02
  9.8706983e-02
  9.2869001e-03
  2.9602705e-02
 -9.8447090e-01
 -5.4751718e-01
 -8.0013394e-01
  2.8369725e-01
  1.1544087e+00
  4.2997312e-02
 -5.1843952e-02
 -7.0115821e-03
  5.5327886e-03
 -2.9028578e-02
 -5.4262500e-02
 -1.8720781e-02
 -1.7870640e-02
  6.0087569e-02
  2.2460357e-03
 -2.6194310e-02
 -1.8242131e-01
  3.3408754e-02
 -8.3585046e-02
 -7.5519279e-02
  4.8294641e-02
 -7.5773499e-03
  2.4223195e-02
 -4.6436109e-02
 -3.4746013e-03
 -9.3738168e-02
 -6.5273561e-02
  6.9318578e-02
 -8.2945839e-02
  1.7634213e-01
  9.1423802e-02
 -6.4705484e-02
 -9.0670586e-02
 -5.5054114e-03
 -3.0820938e-02
  7.9489273e-01
  6.8807185e-01
  2.0196362e+00
 -1.5901915e+00
 -7.5410044e-01
 -3.1600210e-01
 -2.8164977e-01
  2.5186732e-02
 -9.9890000e-01
  5.2259238e-03
  6.7454956e-02
  2.4054490e-02
  1.0120455e-01
  1.9573572e-01
 -1.8801328e-02
 -4.6018597e-02
  4.7417516e-01
 -1.2776481e-02
 -2.6113620e-02
 -1.1923382e-02
  8.2028091e-02
  3.6508285e-02
  9.0623451e-03
 -2.7727968e-01
 -5.3164784e-02
  1.7874025e-02
 -5.8277594e-03
 -2.8058934e-01
 -2.5153579e-03
  7.2621512e-03
 -3.1661805e-02
  1.9304188e-02
 -2.0696312e-02
  7.2183751e-04
  8.6459098e-03
  8.6465985e-02
  1.2719840e+00
  4.0122673e-02
 -6.5716818e-02
 -7.4864012e-01
 -1.5614681e-02
  1.2741271e-02
 -2.1492856e-02
  8.8361949e-02
  2.5214633e-02
 -1.8016648e-02
  9.8855067e-03
  1.0234854e-02
  1.6168779e-02
 -1.9349353e-02
 -2.7968867e-02
  1.9610846e-02
  2.2391777e-02
 -1.5461189e-01
 -2.5858465e-03
 -3.7036641e-03
  1.5922649e-03
  1.0916154e-02
  4.3729641e-02
 -2.0291007e-03
 -6.5084128e-03
 -9.0919835e-03
  2.3157364e-02
 -3.6631271e-02
 -5.3096153e-03
 -2.6965907e-02
 -1.3470341e-02
  1.6943390e-02
  4.7629736e-02
  8.2878694e-03
  5.4463442e-02
  1.6752559e+00
  4.8294201e-01
 -2.6033068e-02
 -9.8627913e-01
 -3.9109118e-02
  1.5098526e-03
  5.6085992e-03
  2.4840565e-02
  3.8596358e-02
  2.4733867e-03
 -2.9457623e-02
 -7.3956467e-02
 -7.3472196e-03
 -7.4256971e-02
  8.6367972e-02
 -5.6482140e-02
  6.9477404e-03
  4.7077149e-02
  6.0040466e-02
  2.0939579e-02
 -1.1615814e-01
  1.7468764e-02
 -3.8110007e-02
  1.4993943e-01
 -6.7791909e-02
  2.1096576e-02
 -8.9905538e-02
  2.8357713e-02
  8.4616460e-02
 -8.9641966e-02
  2.5867815e-03
 -1.5864481e-01
  2.4995549e-02
 -1.7391047e-02
 -2.3461545e-01
 -1.7531655e+00
 -4.5040339e-01
  1.0158383e-01
  1.1477909e+00
 -3.0283747e-02
  1.0707634e-01
 -3.9393516e-04
 -3.2234438e-02
 -6.0880136e-02
  3.3978671e-02
 -1.1876479e-01
  3.8176704e-02
  2.7369204e-01
 -5.0512038e-02
  5.8244634e-03
 -2.4584973e-01
 -8.4250374e-04
 -3.1599592e-02
 -3.3429872e-02
  1.7673826e-02
 -4.5259990e-02
 -5.4053519e-02
  5.0578784e-02
  3.2116782e-03
  3.2947920e-02
  2.1735517e-02
 -3.9287653e-02
  2.9446868e-02
 -5.8485743e-02
 -4.7963381e-02
 -2.0066731e-02
 -3.5454619e-03
  2.4332350e-02
 -1.5638107e-02
  2.8502116e-01
  1.4950730e+00
  4.5138574e-01
 -8.8227086e-02
 -1.0259950e+00
  2.5502159e-03
  3.0541930e-02
  4.3713626e-02
 -9.2817344e-02
 -6.1105113e-02
 -6.6340208e-02
 -3.3235751e-02
 -2.7655413e-02
  6.1003957e-02
  4.2769093e-02
  1.2983239e-01
 -1.8410636e-02
  2.9076340e-05
  3.7591040e-02
 -5.1114731e-02
 -2.8050816e-02
 -1.1215122e-01
  2.0650124e-02
  7.0401371e-02
 -9.9774869e-03
 -8.2218975e-02
  3.0023586e-02
  7.9566889e-02
 -7.7559508e-02
  9.1363989e-02
 -5.1298838e-02
 -5.6871500e-02
  7.3020667e-02
 -1.1268485e-01
  3.0912215e-02
 -3.5554409e-01
 -1.4237925e+00
 -9.5781617e-02
  6.5569009e-04
  6.2786227e-01
 -2.1307359e-02
  2.8987952e-02
 -8.1412746e-03
 -5.3525824e-02
  5.1421736e-04
 -1.1329757e-03
  3.5321601e-02
 -6.9699138e-02
 -8.6028753e-03
  4.8115909e-02
  2.1576637e-02
 -7.2040364e-02
  3.2258108e-02
  1.3119857e-02
  1.7645968e-02
  2.2381401e-02
  1.4901723e-02
  9.4859608e-02
 -1.4379069e-02
 -5.3132776e-02
  3.4623034e-02
  6.1446782e-02
  4.5391269e-02
 -4.8582856e-02
  4.0457528e-03
 -1.0145964e-01
 -6.6677086e-02
 -1.3270906e-02
  7.9978146e-03
  4.9795687e-02
  2.8341640e-02
  1.6155187e+00
  5.8439589e-01
  2.1958685e-02
 -6.9405103e-01
  8.3025983e-03
  9.6526081e-03
  5.2375410e-02
 -7.1529597e-02
 -2.2219744e-02
 -1.2375546e-02
  5.4447934e-02
  2.1061735e-02
  5.3427737e-02
 -3.6064886e-02
 -1.2608625e-02
 -1.5398861e-01
 -2.8479923e-02
  5.8043040e-02
  1.0088435e-01
 -1.4327507e-02
  4.6619847e-02
 -1.4925278e-02
 -2.5779495e-02
  3.3125371e-01
  2.3721052e-02
 -2.2013908e-02
 -3.1440065e-03
 -2.7202141e-02
  1.9699609e-02
  3.3420126e-03
 -1.9090137e-02
 -1.3332629e-02
 -2.1799868e-02
 -3.2955293e-02
  5.5054724e-01
  1.4114019e+00
  1.2744026e-01
  1.8271832e-02
 -8.7392163e-01
  1.9101059e-01
  5.3402849e-02
 -8.3064087e-02
  1.2546024e-01
  7.6082371e-02
 -1.3552112e-02
 -5.2631479e-02
 -9.1621049e-02
 -3.5364933e-02
 -6.5369485e-03
 -3.6491568e-03
  5.2209079e-02
  2.1185482e-02
 -3.1295743e-02
 -4.1529018e-02
  4.0734652e-03
 -5.2169431e-03
 -5.8270108e-02
  8.6880475e-03
  9.5961690e-02
  1.2747188e-02
 -1.5665771e-01
 -5.0324738e-02
 -4.3471187e-02
  1.6171727e-01
 -7.5134570e-03
 -7.9625575e-03
  7.4417903e-03
 -3.1014826e-02
 -1.1919913e-01
 -6.2464882e-02
 -1.8480096e+00
 -2.5925615e-01
 -3.5618406e-02
  8.1452996e-01
 -6.7799255e-02
  1.0183044e-01
  3.0473510e-02
  2.6954342e-02
 -1.2212095e-01
 -6.5523172e-03
 -6.3799225e-02
  7.5715291e-03
  5.3464770e-02
  1.7198260e-04
  1.3998277e-02
  2.0415157e-03
 -7.4145384e-02
 -1.1948205e-01
 -1.3918815e-02
 -1.2830880e-02
  8.1850365e-02
  4.2583410e-02
 -3.2419555e-02
  5.6983750e-02
 -1.1236709e-01
 -1.7569074e-02
 -3.3489781e-04
 -2.0565119e-01
  1.5687123e-02
 -1.1999361e-03
  1.2185257e-01
 -5.9801061e-03
  2.6822818e-02
  6.6435851e-02
  4.7512174e-01
  1.3920975e+00
  3.2641312e-01
  1.0636491e-02
 -1.1375138e+00
  8.6329514e-03
 -1.9837551e-02
  2.0590138e-02
 -3.6819693e-02
  3.8248803e-02
  6.1698654e-03
  2.8961716e-02
  3.4525630e-03
 -8.9711510e-03
  3.8298436e-02
 -1.2552696e-05
 -5.7760712e-02
 -8.4950864e-02
 -3.8589694e-02
 -3.4618420e-03
  2.3192670e-02
 -2.1161117e-02
  1.0108711e-02
  9.6321739e-02
 -1.1842571e-02
  6.5274544e-02
  2.1910070e-02
 -9.2108529e-03
  2.3932602e-02
  7.8516360e-03
 -8.4927492e-03
  8.4968947e-02
 -1.6975677e-02
  5.0513819e-02
 -1.7711664e-02
 -1.2853435e-01
 -1.4472277e+00
 -2.8037873e-01
  1.3335763e-01
  1.0181463e+00
 -1.3189277e-01
  2.6921820e-02
  4.0973555e-02
 -1.5976015e-01
  3.2870546e-03
 -2.8949032e-02
 -5.8441497e-02
 -2.3047267e-03
  1.1478958e-01
  6.0653317e-01
 -8.5412428e-02
 -1.9804718e-02
 -2.2685366e-02
 -5.2524783e-02
  6.5989956e-02
 -5.4352880e-03
 -8.0926612e-02
  9.0145200e-02
 -1.5224092e-02
  2.8788773e-02
 -5.0613850e-02
 -1.1117440e-01
 -2.4395812e-02
 -6.9266342e-02
  2.5482839e-01
  5.9074829e-03
 -6.5826632e-02
 -3.3121943e-02
  2.5921447e-02
 -8.9804754e-03
  1.4039859e-01
  1.3249165e+00
  1.9911170e-01
 -7.1539730e-02
 -8.2316613e-01
  2.3724023e-02
 -3.4032641e-03
 -1.3206145e-01
 -3.3843908e-02
 -3.0120896e-02
  2.2738514e-02
  9.9534817e-02
 -9.8346476e-04
 -6.1603816e-04
  5.8685943e-02
 -4.5548011e-02
 -5.5964556e-02
 -5.3861652e-02
  2.3817796e-02
  6.0992993e-02
 -2.8329749e-02
 -1.9533521e-02
 -7.2177701e-02
  3.6596779e-02
  3.6708299e-02
 -4.6455166e-03
 -1.5662210e-02
  3.8980391e-02
 -5.2975703e-02
  1.2334186e-02
 -3.9735742e-02
  1.3562984e-02
  3.9497841e-02
  3.6390603e-02
  4.2754549e-01
 -8.4444433e-02
 -1.6160712e+00
 -2.5941074e-02
  2.1321936e+00
  6.8751997e-01
  9.0153091e-02
  1.8089639e-02
 -3.7539147e-03
 -9.5380343e-02
 -1.5266688e-03
  2.4872659e-02
  7.9932146e-02
  5.6701969e-02
 -2.5265532e-02
 -5.3546499e-02
  6.4746715e-02
 -8.5604593e-02
  1.1823387e-02
  3.8233612e-02
 -6.1725482e-02
  1.7059997e-03
 -4.6924841e-02
  2.5014234e-01
  1.8064429e-01
  5.9640739e-02
 -1.5148892e-01
  9.1306999e-02
 -5.2205674e-02
 -4.4091109e-02
  1.3988841e-02
 -2.6690396e-02
 -1.0265634e-01
 -9.8451097e-03
  9.6932225e-02
 -4.8850201e-02
  1.0490601e+00
  9.3466032e-01
 -2.7280492e-01
 -1.7406384e+00
  1.5455440e+00
 -6.4287513e-02
 -4.7777895e-02
  9.1071567e-03
 -7.5961590e-02
  2.3994861e-02
 -3.3727124e-02
 -1.4306428e-02
 -3.7203225e-01
  1.0241616e-02
 -1.7796790e-02
 -2.3879219e-02
  2.2697523e-02
  1.0849631e-01
  2.6622932e-02
 -2.3980571e-02
 -5.0651636e-02
  5.8623984e-02
  2.8703006e-02
 -1.0180444e-01
 -6.7602329e-02
 -4.4200543e-02
  1.3245779e-01
 -1.6749728e-02
 -3.4105491e-02
 -1.0810000e-01
  6.4638279e-02
  6.6845961e-02
 -2.2368675e-02
  7.4288063e-02
  7.2434217e-02
 -4.4513837e-04
  1.0300100e+00
  3.9604393e-01
  8.5492432e-03
 -4.6119922e-01
  2.8530336e-03
 -1.3049029e-02
  6.8098240e-02
  3.5011026e-03
  4.6708654e-03
  4.0458493e-02
 -1.2676460e-02
 -3.2699447e-02
  8.1981421e-02
  1.3172047e-02
  3.5865232e-02
  1.0673905e-01
  8.3817482e-02
 -1.5069703e-02
  8.0671877e-02
  3.7877273e-02
  2.9304430e-02
 -8.3948188e-03
  2.3193408e-02
 -3.0342922e-01
 -2.6673430e-03
  3.2390699e-02
  1.6079349e-02
 -2.2610687e-02
 -5.6048203e-02
  1.4054404e-02
  5.7673263e-03
  6.1133377e-02
  6.7398287e-02
 -5.2740737e-03
 -4.4705134e-02
 -1.5108721e+00
 -3.3579376e-01
 -1.4734143e-02
  1.1501440e+00
 -1.0355545e-01
 -6.0209811e-02
 -2.6434513e-02
 -2.1088243e-02
 -1.2620402e-02
  1.6435623e-02
  2.0593423e-02
 -1.5943704e-02
 -3.6306384e-03
 -1.4437835e-01
 -1.7336370e-02
  1.1923365e-02
 -7.1948439e-02
  4.3728123e-03
 -3.0681237e-03
 -7.0989594e-02
  4.2989920e-03
 -3.0491948e-02
  1.2383266e-02
  7.5867209e-03
  1.0532402e-02
  1.4578162e-02
  1.7971592e-02
 -6.8632937e-03
  1.4851557e-03
  1.0968676e-03
 -2.1317786e-02
 -3.4537937e-02
 -1.6467646e-01
  1.3188091e-01
  2.7447414e-01
  1.4742775e+00
  6.0826153e-01
 -3.6011714e-02
 -7.8123385e-01
 -4.1899100e-02
  2.8168732e-02
 -3.3154417e-02
 -3.3568900e-02
 -7.6405995e-02
 -1.4725822e-03
 -1.1711438e-02
 -2.5261713e-02
  6.0933057e-02
  1.2448590e-01
 -2.9999407e-03
  1.8844014e-02
  9.7070836e-02
 -9.5412973e-03
  3.7325572e-02
 -5.0763980e-02
 -1.2975833e-02
  4.9780741e-02
  1.4152541e-02
  2.4505727e-02
 -3.0050198e-02
  1.5139093e-01
 -3.3714321e-02
  1.6013155e-02
 -4.1467100e-02
 -5.3145960e-02
  1.8060997e-02
 -8.2743198e-02
 -1.6728053e-02
 -4.3849505e-02
 -6.2404841e-01
 -1.5146600e+00
 -4.4928628e-01
  4.5382202e-02
  7.0653868e-01
  2.3728941e-01
 -1.0715296e-02
 -5.1141005e-02
 -5.4018870e-03
  4.3117903e-02
 -6.7869328e-02
 -3.8349185e-02
 -2.5161127e-02
 -2.2888232e-02
 -6.2658675e-02
 -5.9452038e-02
  3.8440708e-02
 -3.7913822e-02
  2.6682960e-02
  2.8392348e-02
  3.5381954e-02
  2.6730403e-02
  3.5391981e-03
  7.6864599e-03
 -2.1328725e-02
 -8.4239997e-02
  6.1400123e-02
  5.3566668e-02
  2.8323969e-02
  3.9249308e-02
  1.5041152e-01
  7.3657304e-02
  2.9246868e-03
 -1.8656435e-03
 -9.7651660e-02
 -1.7249115e-01
 -1.5350943e+00
 -3.0659798e-01
  3.6762044e-02
  5.4126358e-01
  2.9392282e-02
  2.0117024e-02
  4.2399906e-02
 -3.6623911e-04
  3.5373535e-02
 -9.1956228e-02
 -1.2962073e-01
  7.0621423e-02
 -7.8798950e-02
  2.5284847e-02
 -2.5364216e-02
 -5.5775214e-02
  4.1147247e-02
 -3.6553009e-03
  1.1387676e-02
 -1.8864609e-02
 -1.1369592e-01
  1.6840260e-01
 -3.2985147e-02
  3.5491668e-02
  6.5305993e-02
  6.3960375e-03
 -6.2581383e-02
 -7.2420561e-03
 -1.3756148e-04
 -3.2821927e-02
  6.5542497e-03
 -1.5497150e-01
 -8.4090114e-02
  3.3784702e-02
 -2.6114511e-01
 -1.4817997e+00
 -4.0611482e-01
 -5.9308723e-02
  9.3851304e-01
 -9.5947254e-03
 -4.2531632e-02
 -1.2724045e-01
  8.8921554e-02
 -5.8503342e-03
  3.9768349e-03
 -1.1970113e-02
  5.4482501e-02
 -1.3170834e-01
  7.4215303e-03
 -1.8952232e-02
  1.5372633e-02
  1.8751938e-02
  8.9164853e-02
 -9.6056417e-02
 -5.6294641e-03
 -8.9523382e-02
  3.8416155e-02
  2.4280995e-02
 -4.9339872e-02
  3.9135475e-02
 -1.6240867e-02
 -3.8986746e-02
  1.1780609e-01
  6.9354004e-03
 -3.0225413e-02
 -7.4982107e-02
  1.4997244e-02
 -5.0407264e-02
 -9.0174288e-02
 -1.2749305e-01
 -1.1720423e+00
 -4.3132015e-02
  8.6130871e-04
  8.0067372e-01
  3.9721946e-03
  7.8066140e-03
  3.9323498e-02
 -9.7108856e-03
 -6.2645413e-02
 -4.7495138e-02
 -1.3298987e-01
 -1.1778056e-01
  8.5795857e-02
 -3.6332086e-02
  4.4011634e-02
 -1.0668366e-01
  5.0785683e-02
  2.1560883e-02
  2.9695611e-02
 -7.1451828e-02
 -2.8944975e-02
 -1.9195761e-01
  1.8738778e-02
  1.5974879e-01
  2.6698345e-03
  1.6300850e-02
  8.7000951e-02
  4.2737775e-02
  5.3049345e-02
 -7.9253716e-03
  3.3659853e-02
  1.3594470e-02
 -9.1853954e-02
 -4.4416722e-02
  6.8691933e-01
  3.9987692e-01
  9.4704831e-01
 -9.6940774e-01
 -5.1771301e-01
  1.2087540e-01
  1.9956681e-01
 -4.7347005e-02
 -6.6618912e-02
 -4.9395967e-02
  1.6616372e-02
  2.8214304e-02
  1.7223142e-02
  5.7465971e-02
  1.3004404e-02
 -4.1233543e-03
 -3.8410092e-03
  8.0160620e-03
  1.6339264e-03
  8.8038947e-03
 -3.6280476e-02
  9.9683292e-02
 -5.3624786e-02
 -6.7548701e-03
  1.0445791e-01
  3.3425253e-02
 -1.5975051e-02
  1.2385990e-01
  1.2324047e-01
  1.2263438e-01
 -2.3902100e-02
  4.1084982e-02
  6.4642966e-02
  2.0625416e-02
  4.1613679e-02
  1.0373616e+00
 -1.0727937e+00
  5.6822073e-01
 -1.1102936e-01
 -7.8890193e-01
  4.0804937e-02
 -1.9896568e-03
 -2.2732796e-02
  5.1259201e-02
  3.7966266e-02
  1.9473155e-03
 -1.1283398e-02
  2.0977114e-01
  4.6520936e-03
  2.4274450e-02
 -8.4792376e-02
  2.6471918e-02
  2.9273888e-02
 -1.7865641e-02
 -2.8600244e-02
  2.9743510e-01
 -3.1990342e-02
  3.5153653e-02
 -3.1407338e-02
  2.2782415e-02
 -5.5665869e-02
  1.7598383e-02
  3.3182427e-02
 -1.8385148e-02
  6.5980911e-02
  2.5615241e-02
 -1.7906331e-02
  3.7988636e-03
 -4.5953374e-02
 -1.9661268e-02
  3.4453387e+00
  2.2500208e-01
 -3.0049503e+00
 -1.5442581e+00
 -1.5405388e+00
 -1.1864280e-02
  1.3240092e-01
 -1.1216806e-02
 -1.5066467e-01
  2.6842073e-02
  9.1159463e-01
  2.2977430e-07
 -2.3195197e-01
  8.2382965e-01
 -2.9599290e-02
 -9.2050768e-03
 -2.9112915e-02
 -2.1174502e-02
 -6.6780210e-03
  3.4843206e-02
 -7.1955875e-02
  6.2453184e-02
 -1.3970569e-01
  1.3898030e-02
  7.5677596e-02
 -3.5221074e-02
 -3.3473093e-02
  1.6180126e-01
  8.1684031e-02
  5.7114862e-02
 -7.0351646e-03
 -7.1212775e-03
 -1.4768705e-02
 -2.1291038e-02
  9.7963559e-03
  3.7356667e-02
  1.5250760e+00
  2.6766837e-01
  1.4265656e-02
 -1.0554795e+00
  7.3356899e-03
 -2.3053739e-02
 -7.0882611e-02
 -7.6719649e-02
 -4.1838888e-02
  1.6538059e-02
 -1.0725803e-02
  2.4170090e-02
  2.5929290e-01
  5.7318427e-02
  2.9232167e-02
  1.8283878e-02
  2.9149564e-02
 -6.1258662e-02
  6.1315030e-02
 -7.4310573e-03
  1.0350268e-02
  3.3836801e-02
  1.4129599e-02
  1.7072815e-02
  7.3036710e-03
  2.0958479e-01
  3.3052690e-02
 -3.0792812e-02
 -8.1635490e-02
  2.3160789e-02
 -3.6367513e-02
 -7.4079171e-02
  3.2843929e-02
  4.2419560e-02
  8.5307106e-02
  1.3735093e+00
  1.3948044e-02
 -3.2493181e-03
 -9.9814183e-01
  2.4286373e-02
 -7.2961353e-04
 -5.1806554e-02
  1.0066538e-03
 -6.0724135e-02
 -3.6507815e-02
  6.2948138e-02
  2.0702396e-02
 -5.1117950e-04
  2.1895533e-02
 -9.8300362e-03
 -5.1364671e-03
  2.2069177e-02
  2.0735361e-02
 -1.3451787e-02
  5.3010240e-02
  1.0249416e-02
 -4.3411259e-02
 -4.4056281e-04
  2.1692570e-02
  8.7475935e-03
 -2.6568628e-03
 -2.5181901e-01
  7.2094671e-02
 -5.9708692e-02
  1.2103493e-02
  2.9968537e-02
  2.0210842e-02
 -7.9859979e-02
 -9.0958951e-03
 -1.1401971e-01
 -1.2443495e+00
 -3.1580904e-01
 -1.6003899e-02
  1.2232835e+00
  1.2865987e-01
 -1.5244765e-02
  3.0735545e-02
 -8.6396717e-02
  4.1275237e-02
 -1.9864095e-03
 -1.7437054e-02
  4.4619534e-02
  7.6209772e-03
 -3.6266331e-02
  7.2162994e-03
  6.2448323e-02
  3.6649391e-02
  2.1224611e-02
 -3.3900332e-02
 -4.5920830e-02
  1.0813948e-03
 -2.6353104e-02
  1.8529049e-01
 -5.7668939e-02
  8.9986380e-03
  2.6767742e-02
 -9.9215386e-03
  7.7251032e-02
  6.1261151e-02
  5.6627274e-02
  5.9207562e-02
 -1.8325563e-03
 -3.8834987e-03
 -2.1025655e-03
  4.0296488e+00
 -4.4722643e-01
 -6.7147446e-01
 -1.0584183e+00
  1.5301136e+00
  1.2994060e-01
  2.2085512e-02
 -2.4342707e-03
  1.4292494e+00
  8.1259729e-03
  6.0855925e-01
 -5.1917773e-01
  5.7987314e-02
 -2.6943135e-01
  2.6632121e-01
  5.4298401e-02
  2.3237820e+00
  8.7603465e-02
  4.1792765e+00
  1.2352211e-02
  1.9318782e-02
  7.8599995e-01
  5.8140247e-03
  3.5438661e-02
 -6.7378975e-02
  2.3319824e-02
 -5.6109373e-02
  2.3019996e-02
  3.9382004e-03
  2.8252741e-02
 -1.5799945e-02
  8.8700064e-02
  2.7803691e-02
 -7.4942380e-02
 -1.7514002e-02
  8.1678361e-01
  2.9735488e-01
  3.2567358e-01
 -9.6082374e-02
 -9.0953088e-01
  1.3897062e-02
 -3.7573107e-02
 -7.8866929e-02
  3.1762635e-03
 -7.6221279e-03
 -5.2895144e-02
 -7.4288673e-03
  3.1728361e-02
  3.3582896e-02
 -5.6689590e-02
 -4.3670975e-02
 -3.8819894e-02
  2.3027120e-02
 -4.3649659e-03
 -4.9637429e-02
  4.4274233e-02
 -5.2339606e-02
  4.0810399e-02
  1.8799022e-02
  1.2728575e-04
  9.7346110e-03
  1.5828203e-02
  9.7607106e-02
  1.5599862e-02
  6.4290293e-02
  2.0293595e-02
 -2.8318822e-02
 -1.8319059e-02
 -7.4396431e-02
  7.4042097e-02
 -5.9593320e-01
 -1.7228452e+00
 -4.2246580e-01
  6.2910557e-02
  9.8707211e-01
 -1.0110557e-03
 -8.4082643e-03
  6.4203151e-02
 -3.2815117e-02
 -3.6229152e-02
  7.5642891e-02
 -8.9910962e-03
  6.4431585e-02
 -2.5213957e-02
  6.1601512e-02
  5.4411642e-02
  2.0501826e-02
  5.0933961e-02
 -3.4767415e-02
 -7.9904288e-02
 -1.0552138e-01
  3.2695062e-02
  7.5777873e-02
  8.1339754e-02
  7.8419201e-02
  2.6260808e-02
 -5.2912623e-02
 -1.3554232e-01
 -4.0280201e-02
 -6.1600801e-02
 -1.6052585e-02
 -7.4978873e-02
  1.2855311e-03
 -1.9037984e-02
 -3.4752473e-02
 -1.3022864e+00
 -1.3530673e+00
 -3.6420089e-01
  3.6292367e-02
  1.0831500e+00
  2.7080460e-02
  1.2905356e-02
 -8.2202822e-02
 -2.6202278e-02
 -1.5181346e-02
 -3.6642931e-03
  1.0209471e-01
 -3.3781931e-02
  2.1082222e-02
  4.5070563e-02
  2.4055144e-02
 -8.3097937e-03
  8.9305893e-02
  4.3971788e-02
  1.0259786e-01
  9.0404056e-02
  3.9879166e-02
  5.3379890e-02
 -1.7984940e-02
  1.1963782e-01
 -4.0282533e-02
  5.1607721e-02
 -4.0332638e-02
  9.2036827e-03
  1.1015218e-01
 -5.7434011e-02
  2.7658479e-02
 -1.0972578e-02
  1.3490588e-03
  9.7310074e-02
  6.2818468e-01
 -5.4517269e-01
 -4.9148911e-01
 -3.6981183e-01
  2.7809289e-01
  6.3600570e-01
 -1.4834765e-01
  2.7351269e-01
  4.9771696e-01
  3.6492735e-01
  1.0443734e+00
  5.8690768e-01
 -1.0186388e-01
 -3.2686007e-01
 -2.6852876e-01
  9.1740608e-01
 -1.2161712e-02
  3.5226795e-01
  2.1136943e-01
  5.2254081e-01
  7.1510953e-01
 -3.3522969e-01
  7.5974569e-02
  7.4219370e-01
  3.4080777e-01
  1.7313799e-01
 -1.1056330e-01
 -2.2958169e-02
 -1.0395075e-01
 -5.4208357e-02
 -4.0052999e-03
 -5.8046576e-02
 -1.7886216e-02
 -2.3900387e-01
 -1.1946674e-02
  1.2341304e+00
  1.3451773e+00
 -1.9664091e+00
  2.0617728e+00
  1.4681728e+00
  2.5379171e+00
  2.0501897e+00
  1.1100023e+00
  1.7808135e+00
 -1.7988033e+00
  1.3181400e+00
  1.2197902e+00
 -1.8043600e+00
 -1.4511765e+00
  2.0189345e+00
 -1.6775370e+00
  1.7150866e+00
 -1.6352533e+00
 -1.4307073e+00
 -1.5820607e+00
  1.2462680e+00
  1.3625087e+00
  1.3779411e+00
 -1.5718755e+00
  1.4706243e+00
  1.3408509e+00
 -1.5843381e+00
  2.0367613e+00
 -3.7086591e-01
 -1.5338823e+00
 -1.3628943e+00
  1.0150387e+00
 -1.5253260e+00
  1.3749703e+00
 -1.4145324e+00
 -1.5958046e+00
  1.0030191e+00
 -1.5542594e+00
  1.4647244e+00
 -1.8348629e+00
  1.3284651e+00
  3.5543849e+00
 -1.4850761e+00
  1.5711696e+00
 -1.3157094e+00
  1.4757197e+00
  1.5323740e+00
  1.5819901e+00
  1.1343284e+00
 -1.5637269e+00
 -2.3454847e+00
 -1.0168246e+00
 -1.2436359e+00
 -1.8835531e+00
  1.8473848e+00
  1.0331732e+00
 -2.4369721e+00
  1.3881141e+00
  1.5003492e+00
  3.1339258e-01
  1.2587225e+00
  1.5039721e+00
 -9.9066836e-01
  4.0510182e+00
  3.0720127e+00
  1.1530243e+00
  1.9686815e+00
  8.2962984e-01
  3.4667311e+00
 -2.3170257e+00
  1.3027455e+00
  1.8460975e+00
 -1.9485519e+00
 -1.9395510e+00
  4.1797733e+00
 -6.7696363e-01
  7.0689690e-01
 -1.9024453e+00
 -2.7540212e+00
 -4.8422089e+00
  2.7365839e+00
 -4.1542536e-01
  2.3350997e+00
 -3.3311882e+00
  1.1691117e+00
  8.6345816e-01
 -1.4942801e+00
  6.0918479e+00
 -2.5055077e+00
 -1.1268802e+00
 -2.8907886e+00
  3.4589059e+00
 -2.9976139e+00
  1.0865446e+00
 -2.3068643e+00
 -3.1589804e+00
  1.5107851e+00
 -4.4533219e+00
  2.3434920e+00
 -2.3131251e+00
  2.4999642e+00
  1.8926355e+00
 -6.2744176e-01
  3.6280468e+00
 -1.4966518e+00
  2.3679247e+00
  1.9951652e+00
  3.8202770e+00
  3.8811752e-01
 -6.0950303e-01
 -5.8173925e-01
 -9.8200506e-01
 -1.8891456e+00
 -2.4864256e+00
  3.6815829e+00
 -1.2617135e-01
 -3.4710131e+00
  4.4266243e+00
  6.3150458e+00
  1.7361287e+00
 -1.5769156e+00
  2.7354792e-02
  5.4992028e-02
  8.5433799e-01
 -1.4177214e-01
 -9.6052237e-02
  3.5080109e-02
 -2.2797181e-01
 -5.8282863e-02
  3.7075426e-02
 -4.8717000e-02
 -2.4702301e-02
  2.2632092e-02
 -5.7770327e-02
  7.5626954e-02
  1.9810634e-02
 -4.6661604e-02
 -2.7811231e-02
  9.0831548e-02
 -2.0762224e-02
 -2.2668630e-04
  1.0382226e-01
 -1.1220694e-01
 -1.5297888e-01
  5.2438591e-02
 -5.6712423e-02
  7.2857426e-03
  2.1410272e-03
  3.3452049e-02
 -3.7283096e-02
  3.5983816e-02
  6.5887041e-02
 -9.5049709e-02
 -5.7877336e-02
 -1.0290105e-01
  1.5995023e+00
 -1.0409053e-01
 -7.4902914e-02
 -5.5079418e-01
  9.9864110e-02
 -8.2963124e-02
  9.3544777e-03
  2.8155979e-02
 -5.5355467e-02
 -4.6145044e-02
  1.5078493e-02
  8.9326181e-02
 -1.7393947e-01
  8.2654590e-03
  6.6725654e-03
 -6.3114814e-02
  2.0420836e-02
  5.4754272e-02
  3.1156808e-03
  2.8168591e-02
  1.3023296e-02
  4.9591683e-02
  1.4865597e-02
  5.3570201e-03
  6.5537039e-03
 -6.7094684e-02
  2.3809034e-02
  1.3760894e-02
  1.4045130e-01
  2.9722730e-02
  1.8899802e-02
 -3.5154749e-02
  4.8389426e-03
  2.9616987e-02
 -8.2030222e-02
  1.5505506e+00
 -1.1157959e-02
 -2.9473850e-01
 -1.0285274e+00
  9.0343446e-02
 -2.3627287e-02
 -4.8766740e-02
 -4.5733280e-02
  6.3385814e-02
  6.4683698e-02
 -7.5679801e-02
 -6.9763832e-02
  2.4556842e-02
  1.7019944e-01
 -4.9618609e-02
  9.5584035e-02
  1.8385811e-02
 -9.0393601e-03
  3.5335775e-02
  2.3528628e-02
 -2.2830451e-02
  5.0547086e-02
 -2.5731198e-02
  1.1727523e-02
  2.4159230e-02
  8.3081916e-02
  1.7708136e-02
  7.5325268e-05
 -3.4925312e-02
 -2.4947612e-02
  5.4626811e-02
  7.6604158e-02
 -3.4010194e-02
  1.4104532e-02
  1.3258600e-01
 -1.6580712e+00
  4.1233215e-02
  1.3834958e-01
  5.7974058e-01
  5.2079763e-03
 -1.4556814e-02
 -1.2700006e-01
 -1.6323873e-01
 -4.8931547e-02
  1.5632974e-02
 -7.1289107e-02
 -2.3738408e-02
 -1.6822228e-02
 -1.9746367e-02
 -4.6848543e-02
  6.6800594e-02
  2.3790851e-02
 -1.0108802e-03
 -3.0843293e-02
  1.3821904e-01
 -1.3620484e-01
 -1.0965227e-01
  5.4306723e-02
  4.5823533e-02
  6.1076682e-02
  4.7415611e-03
  2.0305730e-02
  1.0600870e-01
  1.1838449e-03
 -2.6222996e-02
 -2.0270713e-02
  5.8664247e-02
 -3.3243641e-02
 -8.3177797e-02
  2.0399528e-02
  1.7770472e+00
  1.9344885e-02
 -1.5449540e-01
 -1.0475153e+00
  8.3111934e-02
 -3.2233670e-02
  6.2416192e-02
  1.9314675e-02
 -1.1150416e-01
 -2.7413603e-03
 -7.0189065e-03
  6.6014104e-02
  4.7781230e-03
  2.3942515e-02
 -3.6357779e-03
 -7.4308619e-02
  2.6559571e-02
 -2.7135525e-02
  3.3527587e-02
 -1.6876472e-02
  3.7865542e-02
 -6.9739362e-03
  1.0065033e-01
 -3.6202695e-02
  3.2408645e-03
 -1.9752983e-02
  1.4869249e-01
 -1.3061649e-01
  3.4896318e-02
 -1.0501655e-01
  1.1812396e-01
 -3.2754861e-02
  3.5703462e-02
 -2.8337786e-02
  6.1702793e-03
  1.5322459e+00
  3.0377779e-02
 -2.3642129e-01
 -8.1777793e-01
  1.2889481e-01
  3.6267601e-02
  8.7198012e-02
 -8.0727106e-03
  1.8604162e-01
 -8.0639407e-02
 -1.9465916e-02
  3.4067634e-02
 -1.0810867e-02
 -5.1637657e-02
  2.6077160e-01
 -2.6487242e-03
  1.0537108e-01
  3.3605587e-02
  1.6461818e-02
 -3.2170761e-02
  1.6754581e-01
 -2.5632709e-02
  4.1067358e-02
  9.8734815e-03
  4.8656324e-03
  7.8930534e-02
  1.4148640e-02
  4.7057711e-02
  7.1610332e-02
  7.9074323e-02
  3.3501774e-02
  2.2867525e-02
  3.9949585e-03
  1.6923111e-02
  5.3178590e-02
 -1.3447996e+00
 -2.4630196e-02
  7.4112788e-02
  1.0634404e+00
 -2.9827049e-01
 -1.2869087e-01
  5.6326431e-01
 -9.0662660e-03
 -1.0423014e-03
 -1.7219819e-02
 -2.4962993e-02
 -5.5871781e-02
  2.5601383e-02
  6.6647865e-04
  3.7279297e-02
  5.9212935e-03
  1.8406591e-01
 -1.1182413e-02
 -2.1823177e-02
 -1.1418421e-02
 -8.6695395e-02
 -1.3012268e-01
  7.0259534e-02
  4.0744271e-02
 -3.7406820e-03
 -2.4835562e-02
  4.7900520e-02
  9.2667215e-02
  6.0593411e-02
  1.1634097e-02
 -8.4674366e-02
  7.2906394e-03
 -7.4880742e-02
  7.8677952e-02
 -3.7330650e-02
  6.3070643e-01
 -1.0758837e+00
 -3.4701115e-01
 -1.4443977e+00
 -1.8152837e+00
 -3.4559628e-01
  1.1897336e-01
  9.2324235e-02
 -4.3656614e-01
 -1.5827199e+00
 -9.6511030e-01
  2.0440316e-01
  6.4911142e-02
  6.0175642e-02
  8.0626643e-01
 -6.4396006e-01
  6.9973165e-01
  3.5442463e-01
 -1.8652340e-02
 -1.8052003e-01
 -7.5013852e-01
  2.8701547e-01
  1.2104340e-01
 -7.1915439e-03
 -4.6545652e-01
  2.7040389e-01
  8.4826529e-02
  1.2512577e-01
  1.3677725e-01
  3.7494493e-01
 -7.0093840e-02
  7.8651629e-02
  3.1827325e-01
  9.6377552e-02
  7.8765041e-01
 -1.4323630e+00
 -4.3704691e-03
  1.3371973e-01
  8.7812549e-01
 -1.1473056e-01
  8.9149438e-02
 -1.3505773e-01
  8.8243715e-02
 -2.2479407e-02
  7.2397634e-02
 -3.2922089e-02
 -7.9245744e-03
 -5.8223903e-02
 -7.4545629e-03
 -2.0294160e-02
 -3.3572435e-02
 -5.5140760e-02
  3.5139930e-02
  1.2532756e-01
  3.7647877e-02
 -8.2485817e-02
 -4.7161393e-02
  2.8215153e-02
 -6.2509462e-02
 -9.8018363e-02
 -1.6409127e-01
  7.5565047e-05
 -6.5712943e-03
 -2.2836119e-01
  1.7893596e-01
  1.6091332e-03
 -1.0708584e-02
  1.6385583e-02
 -2.2714254e-02
  5.8077835e-02
  1.5783223e+00
 -4.3941781e-02
 -3.7534523e-01
 -6.1405635e-01
  1.7030081e-01
 -7.8800134e-04
 -3.0967675e-02
  3.5292618e-02
  1.5655685e-02
 -8.6916024e-03
 -1.0080557e-02
  1.9447498e-02
  2.2282181e-02
  8.8407174e-02
  9.0773283e-03
  2.3407161e-01
  2.4672689e-02
 -7.3072733e-03
  1.0253704e-02
 -3.1905551e-02
  7.2332718e-03
  1.7563954e-03
  7.9268046e-02
  4.1059457e-02
  6.9307028e-03
 -1.8909657e-01
  4.8113044e-04
 -5.0415816e-03
 -4.3069860e-03
 -7.5729657e-03
  3.8119240e-03
 -4.7970079e-02
  7.0578262e-02
 -2.5717519e-02
 -1.7820094e-02
 -1.4932286e+00
 -4.9054599e-03
  1.8305181e-01
  8.4199083e-01
  5.9174770e-03
 -4.2012110e-02
 -6.6202424e-02
  8.5904166e-02
  7.6522827e-03
  3.8289815e-02
  6.3854657e-02
 -2.7829586e-02
 -4.1436739e-02
  3.5916392e-02
 -5.6230061e-02
 -6.8279080e-02
  7.1558751e-02
 -3.6152843e-02
 -1.2266937e-02
  9.2505524e-03
 -2.6754409e-02
 -1.1601163e-01
 -3.9521965e-01
 -2.1578733e-02
  1.4491959e-01
 -1.9190477e-02
  8.6200148e-02
  7.9908380e-03
  9.2698246e-02
 -1.6987708e-01
 -3.2882255e-02
 -1.3245183e-02
 -3.0651646e-02
  2.3424755e-01
  3.4386620e-03
  1.3260788e+00
 -5.9892703e-02
 -1.2686467e-01
 -1.1912040e+00
  6.7502761e-01
  4.5131668e-02
 -3.2449331e-02
  1.9850299e-02
 -3.6986906e-02
  3.0601734e-02
 -2.3452610e-02
  2.6749061e-02
 -3.8844537e-02
  1.5246218e-01
 -2.6300438e-02
  1.6182069e-02
  7.4786298e-02
 -2.1783661e-02
 -3.4160039e-03
  9.1541059e-02
  1.8604608e-01
 -4.2195801e-02
  1.0142189e-01
  9.7467646e-02
  1.9920193e-02
 -6.0043726e-02
 -2.6206976e-02
 -2.2496961e-02
 -2.6955162e-03
 -2.4800867e-02
 -1.0272520e-01
 -1.1027725e-01
 -3.7892383e-02
  6.2263597e-02
 -3.1392422e-02
  1.6054801e+00
  4.1053207e-03
 -1.2913786e-01
 -5.0111818e-01
  2.2869228e-01
  5.5897903e-02
  2.0265674e-02
  4.0300369e-02
 -6.2969960e-02
  4.2009324e-02
  7.3719390e-02
 -7.2401331e-04
 -2.8000725e-02
  3.0745301e-02
 -1.5108696e-02
 -7.8720838e-02
  1.6264733e-02
 -4.5722213e-02
 -3.4379147e-02
 -5.0917763e-02
 -1.2081782e-03
  1.1269046e-01
  1.8062312e-02
 -1.2322985e-02
 -4.1066252e-02
  1.8436823e-02
 -4.8399191e-02
 -1.6402300e-02
 -1.3683099e-02
 -9.5911585e-03
  2.2376092e-01
  1.9739084e-02
  1.7632462e-01
 -1.6177094e-03
 -4.9025402e-03
 -1.1597582e+00
  2.4979409e-02
  1.2332936e-01
  1.0695109e+00
 -1.8776510e-02
 -1.2955321e-01
 -1.1821598e-02
  9.4125524e-02
 -3.6049340e-02
  9.5917031e-02
 -7.0485598e-03
 -1.0453077e-01
  8.2535734e-03
  9.0313312e-03
  1.4883314e-01
 -8.7272599e-02
 -2.5614116e-01
  8.4781788e-02
 -2.8829969e-02
  2.5915647e-01
 -2.0890053e-02
 -1.1476241e-01
  2.6244538e-02
  8.5244134e-02
 -3.0451961e-02
  2.2030643e-01
 -6.8924747e-02
  7.4493773e-02
  3.3615850e-02
  3.7019696e-02
 -1.3198657e-01
 -5.9189178e-02
  6.0608849e-02
  1.9200768e-01
  4.1104700e-02
  1.4855053e+00
 -2.6715253e-02
 -1.3114956e-01
 -8.9442718e-01
  6.6954267e-01
 -2.1872517e-02
  1.0210991e-02
  2.2354771e-03
 -2.3794701e-02
 -1.5034336e-01
 -2.4870500e-01
 -1.4542367e-02
 -2.2756130e-02
 -3.2461047e-02
  7.7726662e-02
 -5.9616070e-02
  1.0603430e-01
 -5.5436414e-02
  2.2118310e-02
 -3.3812027e-02
 -3.6392439e-02
  1.6475116e-01
 -1.6067335e-01
 -2.6417753e-02
  2.0240022e-02
  3.9466735e-02
  1.0148800e-01
  1.0094196e-01
  1.3837858e-02
  2.0012419e-01
  8.7880164e-02
 -3.1104464e-02
 -1.0764236e-02
  5.7556983e-02
  1.9585365e-02
  1.2112594e+00
 -1.2704389e-02
 -4.0423945e-02
 -1.1535097e+00
  1.6743299e+00
 -1.1040777e-01
  2.6451770e-02
  1.1375250e-02
 -1.7868441e-02
 -6.7547294e-03
 -4.2740054e-02
  2.8720775e-01
  1.0981412e-01
  2.9138480e-03
 -1.1054901e-02
 -1.4070927e-01
  1.3840500e-01
 -1.4236554e-03
  1.0306416e-02
  3.5405956e-02
 -6.9754399e-02
  1.8267341e-01
  5.1932735e-03
 -1.2654886e-01
 -4.3786140e-03
 -1.8925807e-02
  1.7654315e-02
  3.4946721e-02
 -3.3637259e-02
  2.5235049e-02
 -3.6041677e-02
 -1.9574847e-02
  1.4520916e+00
  4.0981011e-03
  1.0757127e-01
 -1.5728990e+00
 -4.9374055e-04
  5.7480907e-01
  6.2927145e-01
 -5.2432156e-01
 -5.8901928e-02
  5.2371893e-02
  1.8740956e-02
  9.1151372e-02
  1.5012246e-01
 -4.7763195e-02
 -1.7321154e-01
 -2.5931101e-02
  2.6837165e-02
 -2.2824535e-02
 -3.3171725e-02
 -4.7052179e-02
 -1.2728283e-01
 -1.8413028e-01
  1.0051162e-02
  2.2001563e-02
 -1.1467076e-01
  1.0879468e-01
  2.5769813e-02
 -8.3019458e-02
 -3.4926359e-03
  3.4552369e-02
 -5.2196686e-03
 -3.3143994e-03
 -5.3110398e-02
  1.7743577e-04
  1.7837524e-02
  1.0153502e-01
  2.7700583e-02
 -1.2507211e-01
  1.5082024e+00
  4.6392750e-02
 -2.7148798e-01
 -4.2857635e-01
  3.1709615e-02
  2.5858635e-02
 -4.0093865e-02
 -9.1943584e-02
 -6.8021856e-02
  1.1582594e-02
 -8.2521878e-02
 -2.1885324e-02
 -1.4676744e-02
 -8.4734596e-02
  2.7996982e-02
 -7.3693588e-02
 -3.1736124e-02
 -4.9369771e-02
 -2.6514202e-02
 -8.7555870e-03
 -2.9956229e-02
 -1.0236448e-02
 -3.1094424e-02
 -2.8655685e-02
  6.6168308e-01
 -1.2846200e-01
 -2.5995830e-02
  2.3479410e-02
 -7.6802813e-02
  6.3934717e-03
 -2.0253192e-01
  5.2923717e-02
 -3.3949900e-02
 -5.3613656e-03
 -1.7887820e-01
  1.3733534e+00
 -1.5347815e-02
 -8.3337836e-03
 -1.1303921e+00
  1.4300852e-01
  2.8590607e-03
 -5.6606866e-02
  1.4638333e-02
  2.0445103e-02
  5.7969201e-02
  1.0558108e-01
  1.7095374e-01
 -4.2629808e-02
  4.2888809e-02
  8.3276451e-02
  1.3859484e-01
  7.4819587e-02
 -4.8600383e-02
  1.4610550e-01
 -2.4303131e-02
 -4.2944156e-02
  8.3168149e-03
  3.5898320e-02
  3.8549642e-04
  1.4957841e-01
 -3.6835350e-02
 -6.4238183e-02
  3.1764437e-02
  5.0516676e-02
  3.9327621e-02
  7.4372336e-02
  3.9717454e-02
  7.7853814e-02
 -4.0105809e-02
 -6.4512707e-02
  1.2781376e+00
  1.3811944e-02
 -3.9607663e-02
 -7.9175073e-01
  3.5114908e-01
  1.3426444e-01
  8.8126190e-02
  3.2545112e-02
 -1.1013951e-01
 -1.3588709e-01
  1.4009044e+00
  6.2654376e-02
  1.1528680e-01
 -5.9696611e-02
  4.0786944e-02
  8.4385403e-02
  2.9200341e-03
  3.7456326e-02
  1.5187673e-02
  6.5826431e-02
 -2.9984899e-02
  1.2747109e-01
 -6.4793326e-02
 -7.2890615e-01
 -8.1725698e-03
  6.3901325e-03
  2.3811791e-02
 -6.5722398e-02
  6.3365683e-02
 -1.6359705e-02
  4.5126379e-02
  8.2499338e-03
 -1.4274083e-02
 -2.3514334e-02
 -3.7969131e-02
  5.1546830e-01
  3.0601444e-02
  4.3212631e-01
  1.3630071e+00
 -6.5481526e-01
 -3.8581599e-02
 -7.0240192e-02
 -5.9501536e-02
 -1.1612718e+00
  5.4963659e-02
  4.3424003e-02
  1.1973796e-02
  3.9779977e-03
  5.1415347e-02
  1.1214786e-02
 -2.9062808e-02
 -2.7198809e-01
  4.8027828e-02
  6.0579877e-02
  1.0411540e-02
 -1.2778991e-02
 -2.5939922e+00
 -5.6849262e-03
 -1.4350304e-01
  3.3755362e-02
 -4.0440440e-02
  3.3021942e-03
  2.9120397e-02
  1.7177407e-02
 -9.7871351e-01
  1.5254715e-02
  6.6359796e-02
 -1.7337674e-02
 -3.8709234e-02
 -1.0466344e-01
  1.4602349e+00
  9.3988374e-02
 -1.7133182e-02
 -1.0674573e+00
  2.6143971e-01
  2.0071277e-02
  2.3839576e-02
  9.4308965e-03
 -9.4230913e-02
 -1.3062592e-02
  4.9466684e-02
  4.8351925e-02
 -1.4433463e-02
  2.3639228e-02
 -6.0836185e-02
 -2.4002884e-02
 -5.5051511e-03
  1.0691808e-02
  1.6826330e-02
  3.3244476e-02
 -6.3411988e-02
  1.7494854e-01
  4.0891699e-02
 -1.1239513e-01
 -5.6522265e-02
  1.8722580e-01
  6.4935707e-03
 -7.2521664e-02
 -6.2252026e-02
  9.5483093e-03
 -4.4365466e-02
  5.5956235e-03
 -2.2373995e-02
  1.7917323e-01
 -5.8447693e-02
 -8.1350446e-01
  1.1794510e-02
  3.2464236e-01
  1.2367678e+00
 -5.8985060e-01
 -3.9402503e-03
  2.5285184e-02
  2.7864706e-02
 -3.8878103e-03
 -2.0667604e-01
  2.8350118e-03
  1.4695308e-02
 -5.7397239e-02
  7.9932563e-02
  3.1107793e-02
  2.4227798e-02
 -5.4376866e-03
  4.0089358e-02
 -5.7261322e-02
  3.1429563e-02
  3.9459527e-02
 -5.9650529e-02
  5.7457495e-02
 -5.4762240e-02
  1.7374937e-03
 -3.7749747e-03
  3.3272672e-02
  9.2743918e-02
 -8.9969020e-03
 -3.8646530e-02
  5.3469703e-02
 -1.0023291e-01
 -3.5942547e-02
  1.4912284e-03
 -5.1714051e-01
  1.9375685e+00
 -1.0929509e+00
 -1.8194202e-01
  1.3535796e-01
  3.8505140e-01
  1.3054249e-02
  1.5970444e-02
  1.1562331e-03
  1.2964523e-01
 -1.5874577e-01
  6.1409930e-03
  9.6215248e-02
 -6.2527317e-03
 -5.7592660e-02
 -1.3101177e-01
  2.3504283e-02
  1.0919882e-01
  2.0722638e-01
  3.1041062e-02
  3.9214427e-03
 -3.2705136e-02
  1.7018747e-01
  1.7240044e-02
  3.0794775e-02
 -2.3453334e-02
 -3.2246441e-03
  7.3059238e-02
 -2.8948463e-02
 -4.7353107e-02
 -5.9973668e-02
  3.2825883e-02
 -2.0427469e-02
  4.2986339e-03
 -4.3832324e-02
 -1.0782250e-03
 -1.9518914e+00
  4.2259473e-01
  2.1802796e-01
 -1.0050148e+00
 -1.3544245e+00
 -6.9765843e-02
 -3.5133910e-01
 -5.3764496e-02
  4.3427455e-01
 -2.6603556e-01
 -3.7221137e-01
 -9.3357730e-01
 -1.0743973e-02
 -3.2602747e-03
  4.2838112e-02
 -3.3542071e-02
 -4.0770388e-01
 -3.4646828e-02
 -3.1751934e-02
 -1.3069009e-02
 -3.9959665e-02
 -6.8892306e-01
  7.7847272e-02
 -1.1245558e-02
  3.5158053e-02
  8.4137499e-02
  1.6448310e-01
  7.6683164e-02
 -5.4199090e-03
  2.0946408e-02
 -1.3992366e-01
 -4.3205705e-02
  1.8544376e-02
  5.6141213e-02
  3.6440887e-02
 -1.7658912e+00
  1.0576893e-01
  6.1373122e-02
  6.8317550e-01
 -9.2315815e-02
  2.8148066e-02
  3.9626107e-02
  4.4229593e-02
 -8.7415010e-02
 -2.1316539e-02
 -1.9828377e-02
 -1.2665172e-03
  1.7834088e+00
 -1.2574542e-02
  3.1732555e-02
 -5.8107756e-02
 -1.1602108e-01
  7.9849660e-03
 -9.8203525e-02
 -6.4575621e-03
 -8.7522399e-03
 -3.0596750e-02
  1.3660698e-02
 -1.7187336e-02
 -7.8679295e-03
 -7.4909283e-03
 -7.2517185e-03
 -3.2973465e-02
  1.3054880e-01
 -5.0716400e-02
 -2.3072487e-02
 -7.3633097e-02
  4.0867984e-02
 -2.0477539e-02
  1.0289376e-01
 -4.1350029e-02
  2.6720135e+00
  1.7094876e+00
  7.4349052e-01
  3.8841534e-01
  5.3163981e-01
 -5.9721816e-01
 -8.1271023e-02
  4.3872154e-01
  3.0993995e-01
  6.0755080e-01
 -9.6857458e-01
  1.6086876e-01
  7.5616938e-01
 -2.2596758e-02
  1.0810124e+00
 -4.7895536e-01
  2.2846671e-02
  1.7489977e-02
  1.9472790e-01
  4.1731816e-02
 -5.2387929e-01
 -6.6677541e-02
  1.2952138e-01
  7.6653897e-03
 -7.5336904e-03
 -3.2542428e-01
 -3.4992879e-03
  6.1615061e-02
 -7.9704143e-02
  1.0840072e-02
  1.3235474e-03
  4.2792920e-02
  1.1926918e-02
 -1.9472271e-02
 -1.1957514e+00
  1.0290511e-01
  4.4343397e-01
  1.1430926e+00
 -3.3199698e-01
  3.3146199e-02
 -5.0400412e-03
  4.6912543e-02
 -2.2194876e-01
 -1.0397239e-01
  1.3903624e-03
 -1.5871134e-01
 -2.0645063e-02
 -1.8477347e-01
  2.2735232e-02
  3.2814972e-02
  4.4132799e-02
  4.9046013e-03
  1.0776658e-02
 -2.8946120e-03
  4.1665763e-02
 -1.1541066e-01
  2.9770369e-02
 -1.8786095e-02
  3.6032427e-02
  1.6538817e-01
  1.1691182e-02
  5.2869666e-02
  4.9773417e-03
 -7.9919793e-02
  7.5981431e-02
  1.7185475e-01
  4.1092772e-02
  4.6147439e-03
 -7.0626207e-02
  1.4062127e+00
 -1.2884557e-01
 -2.2631097e-01
 -1.3700600e+00
  1.9087622e-01
 -1.6049651e-02
 -8.2426600e-02
 -9.3947381e-02
 -4.8876833e-02
  2.7321950e-02
 -1.8648885e-02
 -2.2024816e-02
  9.4311006e-02
 -1.3943537e-01
 -1.1637553e-02
  6.9418848e-03
  1.1188966e-01
  1.1907966e-02
  5.1981814e-02
 -4.4208132e-03
 -7.8992117e-03
  2.7855039e-02
 -8.0023438e-02
  1.0679591e-02
  1.3700564e-02
 -4.6845581e-02
 -9.1287289e-03
 -1.9404432e-02
 -2.7672656e-02
  1.1819472e-02
  1.6811602e-02
  2.5461374e-02
 -3.4792047e-02
  1.5592369e-02
 -4.4297364e-02
 -1.4585291e+00
  1.8052402e-01
  3.6835868e-02
  6.5367055e-01
 -3.2639721e-01
  1.1036725e-03
  9.1644429e-02
 -3.7644558e-02
 -9.9657126e-02
  3.9430451e-02
 -2.9499967e-02
 -3.9195698e-02
 -6.0935903e-02
  1.8364128e-02
  2.1824239e-02
  4.1794553e-02
 -8.9428090e-03
  4.4192571e-02
 -1.7025134e-01
  4.4606015e-02
  4.8081860e-01
  3.5646640e-02
  8.8748045e-02
  1.9660144e-01
  6.8326622e-02
 -5.3037103e-02
 -9.6807806e-03
 -1.2681968e-02
 -3.2177590e-02
  5.1363143e-03
  3.9844140e-02
 -1.1251724e-02
 -3.8217198e-02
 -4.1491315e-02
  2.8248614e-02
 -1.1758389e+00
 -1.8534625e-02
 -1.2078838e-01
 -1.2568979e-01
  3.8206863e-01
 -1.9190672e-01
 -7.4251182e-02
 -1.3146384e-01
 -7.9631899e-03
 -9.7124346e-02
 -5.0131522e-02
 -1.7390446e-01
 -5.2076010e-03
  9.4181243e-03
 -2.3639177e-03
  3.7718065e-02
 -6.1102407e-03
 -5.9684105e-02
  4.7675543e-03
  4.0349934e-02
  1.0021998e-01
 -6.1660789e-02
  6.2895946e-02
 -7.8568235e-02
 -1.8687113e-01
  6.7107320e-02
  2.5446299e-02
  4.3492071e-02
 -5.3033292e-02
  6.9283172e-02
  1.1311652e-02
 -2.5631996e-02
 -3.2541063e-02
  2.0391446e-02
  1.4321204e-01
 -1.7901098e+00
 -2.5029862e-02
  2.8852755e-01
  9.4412339e-01
 -1.0533370e-01
 -1.8289771e-02
  3.1488895e-02
 -1.0132603e-03
 -2.1360327e-02
 -7.5669573e-03
 -4.7281604e-02
 -4.7380116e-02
 -2.4910951e-02
  1.1619394e-01
  1.1818516e-01
  3.2540832e-02
  7.5855412e-02
 -1.1717888e-01
  4.2075291e-02
  1.0454012e-01
  2.4090044e-02
 -1.5269694e-02
  4.5872182e-02
 -2.8835105e-02
  5.1148620e-02
 -2.0706698e-02
  5.1244508e-02
 -1.1342768e-02
 -3.6317661e-02
 -5.8846395e-02
 -3.6866656e-03
 -2.4207512e-02
 -1.7846063e-01
 -1.5128967e-02
 -1.5918329e-01
  1.7326021e+00
 -2.7936561e-02
 -2.9776874e-01
 -8.4472370e-01
  1.3692866e-01
  2.2580238e-02
  3.3074770e-02
  6.5548405e-02
  4.9426168e-02
 -1.2036396e-01
  3.1407908e-02
  2.8288564e-02
 -2.3367601e-03
  5.0448575e-03
 -7.6205134e-02
 -1.2126583e-01
  5.5014446e-02
  2.8296564e-02
  8.8367462e-02
  4.7312446e-02
 -2.0968649e-01
  3.6074985e-02
 -5.1811364e-02
  1.4444129e-02
  6.2655639e-03
  9.5178485e-01
 -4.7507975e-02
 -1.5956065e-02
  1.1478927e-02
  1.0092400e-03
  2.3697515e-03
 -4.0104896e-02
 -1.4878666e-02
 -5.2641042e-02
 -9.2315063e-02
  1.7048640e+00
 -7.0549719e-02
 -2.8526168e-02
 -5.5362284e-01
  3.1935465e-01
 -1.0880382e-01
  2.4581928e-02
 -1.0260376e-01
  2.9643381e-03
 -1.9079806e-02
 -1.0982598e-01
  1.1053070e-01
 -2.5300707e-03
 -6.9560379e-02
 -5.8461867e-02
 -2.2393295e-03
  1.3288707e-01
 -3.5691336e-02
  2.4248175e-03
  4.3737918e-02
 -5.6766041e-02
  1.1853680e-01
  1.4876681e-02
 -2.2589127e-02
  1.1436889e-01
  1.6624449e-01
  2.3522896e-03
 -1.0206891e-01
  8.3564743e-03
 -2.2010623e-02
 -7.0781247e-03
  1.7420797e-02
  1.7208790e-02
  3.5381265e-02
  3.9965000e-02
  1.4025341e+00
 -4.6963926e-02
 -2.1255359e-01
 -1.2491313e+00
  4.7578733e-02
 -1.0500883e-01
 -1.7329477e-01
  3.9610613e-02
 -9.4977999e-03
 -2.9876137e-01
 -4.4662941e-02
  2.5717093e-02
 -2.7119506e-02
 -2.2218651e-03
  1.1267591e-01
 -5.7249323e-02
 -4.6566583e-02
 -2.6622897e-02
  2.9721152e-02
  8.4645924e-04
  2.4348003e-01
  5.0322521e-02
 -1.5323952e-01
 -3.0264668e-02
  2.0710385e-01
 -2.5225265e-02
 -1.7800596e-01
 -1.4919950e-01
  1.4678572e-02
 -4.7786195e-02
  1.2463227e-02
  8.4710857e-03
 -1.7985845e-02
  6.5025441e-02
 -1.9979841e-01
  1.5367039e+00
 -6.9863494e-03
 -9.5510401e-02
 -1.3655899e+00
  6.1085939e-02
  3.2577351e-02
  1.1957919e-02
 -9.3513271e-03
  8.8182129e-03
  1.1311971e-01
 -7.5260847e-04
  6.5256469e-02
  3.9775997e-02
  4.0476803e-02
  1.3851583e-02
 -2.3712460e-02
 -1.0839497e-02
 -1.3485723e-02
  6.3966580e-02
 -4.8585989e-02
  4.0961526e-02
  9.7922422e-02
 -1.6835092e-02
 -2.7805209e-02
 -1.7164558e-02
 -6.5501742e-03
  2.2167070e-01
  5.1474940e-02
 -1.1668199e-01
 -7.3178369e-03
 -8.1489749e-02
 -5.4312520e-02
 -2.7842605e-02
 -1.1087911e-03
 -1.3376644e-01
 -6.8937087e-01
 -1.0877724e-01
  9.1095376e-01
  1.4315525e+00
 -6.9048172e-01
  9.4990082e-02
  9.3946755e-03
  1.6810751e-01
  7.9869360e-02
 -1.1081775e-01
 -1.5093495e-02
 -1.7689405e-01
  9.3963221e-02
  2.0764103e-02
 -5.9632648e-02
 -3.1573143e-02
 -4.6851847e-02
 -4.7267679e-02
  4.3043945e-04
  1.0232076e-01
  1.2711306e-01
  6.3003533e-02
 -1.3099891e-01
 -9.1448762e-03
  9.0463564e-02
  4.4255435e-02
 -1.3644227e-02
  5.3779989e-01
  1.7140491e-02
  4.7038492e-02
  7.9069799e-03
  7.0671447e-02
 -2.0334270e-02
 -1.6121846e-02
  1.1143953e-01
  1.5283482e+00
 -6.2273465e-02
 -2.2458681e-01
 -9.1366357e-01
  2.0636909e-01
 -2.0884799e-02
  1.7613541e-01
  1.3869923e-01
 -7.4280016e-02
 -4.5595724e-02
 -1.2171872e-02
 -1.0329615e-04
 -9.0874478e-02
  4.2100502e-03
 -6.1183758e-02
  1.3076867e-01
  8.7139793e-03
 -7.0154229e-03
 -1.2382474e-02
 -1.0384963e-01
 -2.1094482e-02
  2.4774121e-02
 -5.9186041e-02
  6.5065925e-03
 -1.2258582e-02
 -1.8620936e-03
 -1.3292679e-01
  4.9957610e-03
 -2.8487936e-02
 -1.0323120e-02
 -1.0571922e-03
  8.1598442e-03
 -5.8866618e-04
 -8.3516799e-03
  1.4590945e-02
 -1.4814938e+00
  1.9032195e-02
  2.9621610e-01
  8.4346563e-01
 -2.7157915e-01
  2.7758360e-02
 -5.9906792e-02
  1.0408324e-02
 -4.1798893e-03
 -2.8329032e-02
  1.6622682e-01
 -1.8646976e-02
 -6.9418424e-03
  5.5458009e-02
 -2.0239654e-01
 -7.6109758e-03
 -1.2162508e-02
 -3.3292759e-02
  4.1016217e-02
  5.1469691e-02
 -1.1652139e-02
 -1.8349889e-01
 -3.1637345e-02
 -1.9889610e-02
  1.9315081e-02
  2.9626754e-01
  1.9844979e-02
  3.7564956e-02
  1.2457079e-01
 -4.3924022e-02
  2.9630039e-02
 -3.7118550e-02
 -1.6579002e-02
 -1.3519624e-01
 -7.7505872e-02
  1.0481793e+00
  6.8837821e-02
 -1.8058547e-01
 -8.7297177e-01
  3.2816179e-02
  1.4115639e-01
 -1.5671520e-02
 -3.5884243e-02
  7.8319244e-02
  3.9341774e-02
  1.9597517e-02
  1.4914687e-02
  1.9034699e-02
 -1.1677899e-02
  8.7339595e-02
 -1.6286641e-02
  1.3163541e-01
 -2.1627077e-03
  1.2649933e-02
  6.9464937e-02
 -4.2439576e-02
  2.3169869e-01
  2.0973658e-02
  3.3168986e-02
 -5.9938993e-02
  1.2612165e-02
  3.2277055e-02
  4.9414029e-03
  3.8244048e-04
 -1.5107834e-01
 -7.4666128e-02
  2.2921085e-02
  2.6540074e-02
 -3.0777913e-02
  3.0517831e-01
 -1.4173971e+00
  1.8121794e-02
  2.6556900e-01
  2.7844286e-01
 -6.5352343e-02
 -7.5014462e-03
 -1.8315006e-02
 -2.1746416e-01
  6.9070570e-02
  2.8931392e-02
  1.9901376e-02
 -9.0777203e-02
  5.9107374e-02
  1.1818472e-01
 -1.5467657e-01
 -1.2836996e-01
  1.1102495e-02
 -7.2592139e-02
  2.2722404e-02
  4.2098142e-02
 -2.2858653e-02
 -2.0283981e-01
  1.8205158e-02
  1.6775557e-01
 -2.4321757e-02
  1.1131248e-01
  6.7763671e-02
 -2.0196252e-02
  4.2322140e-02
  1.4372718e-02
  4.1583404e-02
 -2.9804850e-02
 -5.0746456e-02
  7.1233355e-02
 -4.2030245e-02
 -2.4093971e+00
 -2.7978060e-01
  1.4423966e-01
  1.3709811e+00
 -9.5372033e-01
  7.9993322e-02
 -1.1099704e-02
 -5.9158977e-02
 -3.4762886e-03
 -1.1379815e-01
  1.4422159e+00
 -1.8614415e-02
  9.5199913e-02
 -6.6021815e-02
  5.0643634e-02
  1.1768688e-01
 -9.0467364e-02
  7.8883022e-02
  5.5965707e-03
  3.7301444e-02
 -1.0741658e-02
 -4.9190246e-02
  2.9054586e-02
  5.2891709e-02
  1.4478714e-02
  1.4707075e-01
  4.7137331e-02
  1.1161600e-01
  4.3842014e-02
 -2.4692506e-02
  2.4144082e-01
  5.4916345e-02
 -4.0226877e-03
 -4.2011008e-02
 -7.7290535e-02
 -1.6123641e+00
 -5.9781842e-02
  5.7130769e-02
  8.5014147e-01
 -2.5430942e-01
  8.1318162e-02
  3.3036888e-02
 -1.5847752e-02
  1.5856028e-02
  1.3425829e-01
  9.9026762e-02
 -4.4893209e-02
 -2.2790723e-02
  5.5131465e-02
 -4.1514616e-02
  4.0117049e-04
 -3.0640000e-03
  1.2225170e-01
 -3.4798488e-03
 -3.4243602e-02
 -5.1211257e-02
 -6.8433404e-02
 -1.0965138e-02
  1.1605889e-02
 -7.8788556e-02
  3.0311942e-01
  6.4498223e-02
 -1.2432656e-03
 -1.5680839e-01
 -1.0879466e-01
  2.4249138e-02
 -2.6212370e-03
  1.2993789e-01
 -2.2110585e-02
  2.5544509e-02
  1.6292697e+00
 -3.6598310e-02
 -2.4582992e-01
 -7.9947668e-01
  5.5785235e-02
 -5.3372987e-02
 -1.4013962e-01
 -4.1846253e-02
  1.3405761e-02
  5.1103633e-02
 -8.1210732e-02
  1.3046364e-01
  4.2342227e-02
 -1.9195253e-02
  2.0598890e-02
 -3.3552241e-02
  2.2708428e-01
 -3.8738634e-02
 -5.9139766e-02
 -3.7005123e-02
  1.4839405e-02
  3.8788840e-03
 -8.4735155e-02
 -3.4131501e-02
 -5.5016965e-02
 -2.0520870e-01
 -6.7665502e-02
  6.0699608e-02
  2.0132773e-02
 -1.7608516e-02
 -5.0695571e-03
 -1.6299715e-02
  2.6214611e-02
 -9.4630579e-03
  3.2106675e-02
 -1.5108062e+00
  6.3092291e-02
  3.3452187e-02
  8.0861187e-01
 -2.0271029e-01
  7.7634186e-02
 -2.5962720e-02
 -1.4942130e-01
 -1.4922425e-01
  1.0778191e-02
  2.4700465e-02
  1.2721600e-02
  8.6813197e-02
  2.1694664e-02
  1.2433191e-02
 -3.2374896e-02
 -4.1698281e-02
 -6.3344777e-02
  5.4655220e-02
  7.8207716e-02
  1.1409618e-02
 -1.2316968e-02
 -1.7552417e-02
 -5.1275149e-02
  1.1040697e-01
  6.2844642e-02
 -5.5407151e-03
  1.0703598e-01
 -9.1816895e-02
  9.3924385e-03
  5.3220022e-02
 -4.7262078e-03
 -5.1220398e-02
 -1.3758522e-02
  1.8004000e-02
  1.4457927e+00
  2.1450301e-03
 -5.6744535e-02
 -5.5071479e-01
  5.3833711e-01
  2.0350551e-02
 -6.0321853e-02
 -3.0398948e-02
 -1.2370948e+00
 -2.0442633e-01
  2.6194928e-02
 -4.8002500e-02
  7.7355437e-02
 -2.9696779e-02
  3.2428034e-02
 -2.5265368e-02
  8.7920332e-01
 -1.0583282e+00
  2.4817223e-02
  2.9963203e-02
  1.0388429e-01
  3.8359493e-02
  1.1259837e-02
 -7.2409278e-03
  1.6836783e-02
  2.5937806e-03
  8.4874872e-03
 -4.7863927e-02
 -6.7279086e-02
  6.8584853e-03
 -2.3926247e-02
  2.6953349e-02
 -2.3568310e-02
 -1.4031753e-02
  1.7849110e-01
  1.6616503e+00
 -5.9296306e-02
 -3.4883268e-02
 -5.3597456e-01
  1.0753953e-01
  6.7232677e-04
  6.7732856e-02
 -6.8683051e-02
 -2.5184179e-02
 -6.2433686e-03
 -2.1218407e-01
  1.3671722e-02
  3.3461984e-02
  1.0859148e-01
 -4.1684795e-02
  5.1797717e-03
  7.7893741e-02
  2.7593942e-03
  2.1387553e-01
  1.5219302e-01
 -1.3516423e-02
 -2.1233223e-02
 -1.6468950e-02
  1.0947233e-02
 -1.4225419e-02
 -1.0973231e-02
 -5.7269678e-02
  7.3271014e-02
  9.5640987e-02
  5.1810867e-03
 -2.8221980e-02
 -1.2501550e-01
 -3.5455793e-02
 -7.9260342e-02
 -3.5167180e-03
 -2.0619141e-01
 -3.5055053e-01
 -1.1338779e+00
 -1.6996375e+00
 -3.7281003e+00
  4.6202455e-02
  2.0004444e-02
  1.9560541e-01
  2.0865315e-01
  5.3918278e-01
 -1.1685858e-03
  3.4011510e-01
  1.9597707e-02
  6.4042299e-03
 -6.9998898e-02
  5.5539064e-02
  3.0460042e-01
  8.2734227e-03
 -2.0175351e-01
 -1.2881261e-02
 -1.6073784e-02
  9.2332423e-02
 -1.0915107e-02
 -1.8783939e-01
  5.1319890e-02
 -1.7283173e-02
  7.4156158e-02
 -1.1580632e-02
 -2.9610235e-02
 -4.6371282e-03
  5.4492962e-02
  5.7926200e-02
 -2.0418746e-02
  2.6209189e-03
 -4.8120808e-02
 -1.5758430e+00
  9.0400957e-02
  3.4345376e-01
  3.1441933e-01
 -1.4370574e-01
 -5.3525954e-02
  2.3851225e-03
 -7.8646131e-02
 -3.5691601e-03
 -1.2861273e-01
 -2.3217281e-02
 -4.8344124e-02
  9.8568096e-04
 -4.1863028e-02
  3.8296418e+00
  1.0100134e-02
 -8.0000594e-02
 -1.2006858e-01
  6.2754534e-02
 -7.9424039e-02
  1.8415725e-02
 -6.4091794e-02
 -2.4874965e-02
 -6.6199787e-02
  1.5427944e-01
  3.3236846e-02
  1.6671672e-02
 -1.5504960e-02
 -1.2116592e-01
  8.7970145e-02
  3.6573127e-02
  5.0003730e-02
  2.0967321e-02
 -1.8110989e-02
  3.3630241e-02
  1.5169634e+00
 -1.3782464e-01
 -1.5050435e-01
 -7.4764800e-01
  1.3493118e-01
 -4.5971349e-02
  3.2670093e-03
  5.7657354e-02
 -1.1400216e+00
 -9.6421530e-03
 -1.5214306e-02
  5.9520651e-04
  1.0911337e-02
 -4.1197754e-02
  2.5559759e-01
  4.3403905e-02
  1.4908084e-02
 -9.1978818e-02
 -5.9583224e-02
 -6.5196657e-01
  5.5566419e-02
 -5.0970975e-02
 -2.3072002e-02
  4.9176283e-02
 -1.9902657e-01
 -1.0624138e-01
 -1.4906390e-01
 -3.2146260e-02
  4.3796804e-02
  1.4195371e-01
 -8.5098766e-02
  4.1906223e-01
 -2.3125658e-02
 -1.4093544e-02
 -1.2250104e+00
 -1.2909373e+00
 -6.8384998e-02
  1.6084285e-02
  8.1985414e-01
  4.2648736e-02
  6.4057961e-02
 -6.9697142e-02
 -1.9297188e-02
  7.1533047e-02
  4.3289317e-03
  1.9161606e-02
  1.0018693e-02
  1.8593777e-02
 -8.6614676e-02
  3.3383396e-02
  1.9254373e-02
 -5.1792275e-02
 -9.3796700e-02
  6.8514250e-02
 -1.0195187e-01
  2.8162801e-01
  8.2915850e-02
 -3.5888877e-02
  1.0251946e-01
 -8.3003141e-02
 -2.0899413e-02
 -1.6327027e-02
  3.4714006e-02
 -2.5856469e-02
  6.5385266e-03
  7.7477597e-02
 -1.8244877e-02
  1.6893903e-02
  5.4995221e-04
 -2.8013216e-02
  6.2962848e-01
  2.1770754e+00
 -3.7865636e-01
  4.5615807e-01
  8.6202919e-01
  5.5210418e-01
  8.1719860e-02
  3.8279776e-02
  9.4418365e-01
  1.1651496e-02
  2.0535059e-01
  1.4492464e-01
  1.0420523e-01
  9.1458780e-01
  4.5438420e-02
  8.4671676e-01
  3.7369305e-01
 -1.1206082e-01
  3.0362576e-01
  1.1444381e-01
  1.3694435e-01
  1.1636933e-01
 -1.3137454e-01
  4.0785059e-02
  4.8837748e-01
 -8.3740607e-02
  7.6437585e-02
 -1.4260596e-01
 -6.9105715e-02
 -3.0698631e-02
 -6.4240447e-03
 -2.2268455e-02
 -1.0723301e-01
 -4.3035978e-01
  1.8031483e-03
  1.8779517e+00
 -4.1660271e-03
 -7.0892908e-02
 -9.0324217e-01
  5.5182781e-02
  3.6866855e-02
 -1.6599447e-02
 -1.6237257e-02
  3.6849637e-02
 -8.8708937e-02
  4.9389683e-02
  6.9357224e-02
 -6.5294348e-02
  6.8974141e-03
 -2.3970529e-02
 -1.1849038e-01
 -5.7408351e-02
  5.9733968e-02
  2.4131340e-01
  7.3405034e-03
  3.1145576e-02
  1.6357252e-01
 -4.4181742e-02
  6.8031233e-03
  5.6630995e-02
 -5.8204822e-02
  1.6330872e-01
  1.2983756e-01
 -1.9425716e-01
  5.3717099e-02
  3.4390420e-03
 -3.1477187e-02
  1.9435385e-02
 -3.5254329e-02
 -3.9821468e-02
  1.3103077e+00
  1.3723370e-02
 -1.8915306e-01
 -8.4373313e-01
  1.5288846e-01
  3.0829152e-02
  2.2092650e-02
 -4.3047037e-02
 -1.1331610e-01
  2.7135542e-02
 -8.3861560e-02
  4.8205882e-02
  4.5151286e-02
  9.2179902e-02
  3.2673888e-02
 -2.0214561e-01
  1.9162640e-02
 -6.1805651e-02
 -7.7415276e-03
 -6.9954492e-02
 -3.7364777e-02
 -8.7484866e-03
 -1.5154378e-01
 -3.6803368e-02
 -1.5454580e-02
  3.6278959e-02
  2.5499674e-02
  3.2089690e-03
 -2.1041866e-02
  5.0374489e-02
  1.6958060e-02
  3.8177900e-02
  2.1081688e-02
 -3.7941895e-02
 -7.0430599e-02
  1.5960649e-01
  7.4424915e-02
 -6.4432129e-02
 -1.4564723e+00
  1.3189518e-01
  1.0751113e-02
  5.7864259e-03
  3.3586249e-02
  2.8754255e-02
 -3.0439751e-02
 -6.1639810e-01
 -4.5022186e-02
  2.1221438e-02
  8.3041498e-03
 -3.5351350e-03
 -5.0335120e-02
  4.0583913e-03
  3.0385543e-02
  7.6889798e-02
 -1.1419385e-02
 -4.1610997e-02
  1.1172757e-02
 -1.4600607e-02
 -4.7037147e-02
 -3.4946911e-02
 -1.6148342e+00
  9.8522089e-02
 -6.8654887e-02
 -8.7308154e-02
  1.3905457e-02
  1.0077294e-01
 -6.5243773e-02
  3.8261324e-02
  3.1809837e-02
 -1.3235833e-01
 -1.9046623e+00
  6.6886485e-02
  1.1280169e-01
  4.1018683e-01
 -4.1863519e-01
  1.2326332e-02
  6.6631772e-02
 -1.3634340e-03
  5.6892414e-02
  2.0595929e-02
 -3.3766828e-02
 -7.7666737e-02
 -9.5157757e-02
  2.1309677e-01
  3.6756727e-03
 -1.9731259e-02
  1.7562110e-02
 -6.5784581e-02
 -1.2987044e-01
 -4.8101358e-02
  1.3437545e-03
 -7.2273098e-02
  5.2517701e-02
 -9.6748564e-03
  5.2206289e-02
  1.4822767e-02
  2.3127461e-02
 -6.2693921e-03
 -1.8505024e-02
 -1.0643025e-01
  1.1615544e-01
  1.0286646e-01
 -2.4986789e-03
  1.3955781e-02
  1.7653679e-02
 -1.8722203e+00
 -1.2766278e+00
 -1.1178150e+00
 -5.1276457e-01
  8.4457952e-01
  2.4166265e-01
 -6.5097824e-02
  3.6933622e-01
 -1.4446069e-01
  1.5062861e+00
  5.6312370e-01
  1.6821951e-03
 -1.0134306e+00
 -1.7536172e-01
 -1.3507845e-01
  2.4917062e-01
 -2.9649177e-01
  1.9426668e-01
 -1.4443533e-03
  3.7812880e-01
  3.0988634e-02
 -3.2167596e-01
  1.0766028e+00
  1.4789246e-01
  6.5142855e-02
 -7.2953686e-02
 -3.1263004e-03
  3.5338990e-02
  5.9992943e-02
 -1.3466482e-01
 -4.1591991e-02
  2.1650365e-02
  6.8249889e-02
  3.1101644e-02
  4.9666118e-02
  1.3416040e+00
 -9.7338103e-02
 -1.4781673e-02
 -1.0689644e+00
  2.2509576e-01
 -7.0213623e-02
 -1.3232087e-01
  3.9430238e-02
 -5.7383880e-02
 -2.8880136e-02
 -8.1053199e-03
  2.7168212e-02
 -9.3842885e-03
 -2.3030456e-02
 -6.1321609e-02
 -2.5864863e-03
  6.0481507e-02
 -8.7345988e-02
 -4.0224422e-02
 -5.9752334e-02
  4.9027994e-02
 -8.2772672e-02
  8.5185379e-02
  3.1785242e-02
  9.7184263e-02
  1.3663237e-01
  6.0817715e-02
 -4.8897307e-02
  1.2574063e-01
  5.6332968e-02
  2.1675829e-02
  2.3355857e-02
 -6.8761840e-02
 -6.3039526e-02
 -9.0368018e-03
  1.3023754e+00
  2.6333615e-02
 -1.2021855e-01
 -6.0806096e-01
  2.4866295e+00
  1.1296875e-02
  5.1121674e-02
  1.1444577e-02
  9.9002142e-03
 -4.7936100e-03
 -1.2933290e-02
  6.9961198e-02
 -3.3884916e-02
 -8.6834908e-02
  2.4030507e-02
 -9.2079118e-02
 -2.0068227e-03
 -9.3795046e-02
 -2.4537174e-02
  5.2827001e-02
  1.5824157e-01
  7.8563718e-03
  1.1967789e-02
 -1.4823847e-01
 -4.5284484e-02
  2.0342758e-03
 -1.3349872e-03
  3.8341329e-02
  7.7485003e-02
 -2.5207341e-02
 -8.3124727e-02
 -1.5855747e-01
  6.3750416e-02
  6.1793014e-02
  1.1938655e-01
 -2.1436772e+00
 -3.3033243e-03
  3.4157562e-01
 -1.4455923e-02
 -5.1474011e-01
 -6.6001639e-02
  1.3411626e-02
  1.9994557e-02
 -3.1449083e-02
  2.0002719e-02
  6.0311936e-02
  1.6936192e-02
  6.5495647e-03
 -3.0499354e-02
 -2.4065999e-02
 -2.8211628e-03
 -3.0830538e-02
 -4.7567300e-02
  1.1290585e-01
  7.9390310e-02
 -5.2741550e-02
 -9.0162762e-02
 -1.1604705e-01
 -1.6983679e-01
  4.7410659e-02
  6.3925618e-03
 -4.0653978e-02
  2.6297048e-02
  3.2224720e-03
  2.7685720e-02
 -2.5279729e-02
 -6.2938789e-03
  3.9683387e-02
 -7.6793185e-03
  2.6168702e-02
  1.3572555e+00
 -8.9049441e-01
 -9.9531287e-01
  1.1795692e+00
 -1.0937237e+00
 -1.0150377e+00
  1.2939085e+00
  1.8255459e+00
  1.4044106e+00
 -1.2714299e+00
  1.1970408e+00
 -1.2860992e+00
 -1.5172890e+00
  1.4984025e+00
 -1.0746633e+00
 -8.8726884e-01
  1.0358758e+00
 -1.0026320e+00
 -1.3165123e+00
 -1.2421683e+00
  1.7858267e+00
 -1.3988092e+00
  1.6207876e+00
 -1.0106351e+00
  3.0948383e-01
  1.2050365e+00
  9.0331018e-01
  1.4579570e+00
 -1.2795963e+00
  1.1730782e+00
  3.4156451e+00
  9.6850121e-01
 -1.1757261e+00
 -1.1784365e+00
 -1.3714399e+00
 -9.8980927e-01
  1.3925645e+00
 -6.8265152e-01
  1.2314322e+00
 -1.2097766e+00
  1.1595287e+00
 -1.3502117e+00
  1.1751781e+00
 -1.3157582e+00
  1.2253678e+00
 -9.7688723e-01
 -1.2490027e+00
 -2.3668654e+00
  1.2493072e+00
 -1.3048745e+00
  1.1315290e+00
  2.0868647e+00
 -1.1656882e+00
 -1.1178964e+00
 -1.7637579e+00
  1.1230792e+00
 -3.3451099e+00
 -9.3207788e-01
 -1.0526803e+00
  7.5556600e-01
  2.9040716e+00
 -1.2979683e+00
 -1.9028499e+00
  1.9950231e+00
 -3.3322690e+00
 -9.0262741e-01
  1.4649502e+00
 -6.9800037e-01
  2.8667490e+00
 -2.0115066e+00
  2.5835049e+00
 -3.6703618e+00
 -2.7538612e+00
  1.7644776e+00
 -2.1784682e+00
 -3.5773973e+00
  2.2209096e+00
 -6.8681729e-01
 -2.5620995e+00
 -1.5226016e+00
  8.4441900e-01
 -4.3026280e+00
  4.0485682e+00
 -1.4595015e+00
  1.7350943e+00
  2.9850159e+00
  1.1907792e+00
  4.4372792e+00
 -4.7586322e+00
  1.4804171e+00
  1.1862954e+00
  3.7456918e+00
 -3.6027017e+00
 -2.3606367e+00
 -4.1917806e+00
 -2.4949832e+00
  5.7294631e+00
 -9.9135131e-01
  3.0097308e+00
 -6.0560387e-01
  6.4626861e-01
  9.9577445e-01
  1.8918597e+00
 -3.0469494e+00
  2.3529510e+00
 -1.4634171e+00
 -1.7147042e+00
 -1.5932418e+00
  8.9614081e-01
 -2.2560558e+00
  9.1038352e-01
  1.3877499e+00
 -4.1839366e+00
 -1.1809777e+00
 -7.1728283e-01
  2.2252917e+00
 -1.5881661e+00
 -1.0910759e+00
 -5.0122113e+00
  1.9815291e+00
 -1.3199188e+02
  8.0467534e-01
  1.7372912e+00
  2.6539023e+00
  3.7281721e+00
  1.4859477e+00
 -7.0011425e-03
  5.5362582e-01
 -3.7795293e-01
  1.8931559e+00
  8.0208576e-01
  1.2113556e+00
  9.8036492e-01
 -1.3448040e+00
  8.8963419e-02
  7.3706961e-01
  1.6187075e+00
 -2.7394042e+00
 -1.6202392e-03
  9.6788901e-01
  4.0955048e+00
  1.7164652e+00
  1.6822267e+00
  6.8857890e-01
  1.8697151e+00
  1.0559714e+00
  3.5583770e-01
  3.1439342e+00
  2.9870338e+00
  1.6064283e+00
  2.0051816e-01
  1.6390351e+00
 -1.5544659e-02
 -5.7793599e-01
 -2.0829242e-01
  1.5071025e+00
  1.8589704e+00
  1.1166179e-01
  1.5294275e-01
 -1.0530585e+00
 -3.4741864e-01
  1.1688473e+00
  5.4453295e-01
  1.7026652e+00
  8.8975277e+00
  4.8425025e-01
  1.5593998e+00
 -4.0496323e-02
 -1.7818776e+00
  2.3962874e+00
  3.9002109e+00
  3.7886509e-01
  8.7367123e-01
  1.0280629e+00
  1.9975157e+00
  1.4581535e+00
 -1.3094933e+00
  1.2701041e-02
  1.0495856e+00
 -2.0527375e+00
 -1.6476053e+00
  1.5063378e+00
  6.4057744e-01
  7.2317189e-01
 -1.8830912e+00
  2.6061609e+00
  2.3449569e+00
 -3.4992975e-01
  1.2625318e+00
  1.7974522e+00
  2.0538080e+00
  8.7284690e-01
  9.4675112e-01
  1.3098447e+00
  1.3828547e+00
  9.1262740e-01
  1.7565621e+00
 -7.1155238e-01
  8.8417870e-01
  1.2513848e-02
  2.6145115e-01
  1.4829589e+00
  4.2022696e+00
 -1.0978277e+00
 -2.2966130e+00
  1.3539215e+00
 -4.3428323e-01
 -1.5455343e-01
 -3.3693972e+00
  1.8911375e-01
  6.1768617e-02
  3.3599682e-02
  2.4422172e-02
  6.9103229e-01
  3.7332341e-02
 -2.5573888e+00
 -2.3764102e+00
 -3.5651341e-01
  1.9355881e+00
 -2.4092083e+00
  5.1967376e-01
 -4.7151083e-01
 -8.0774146e-01
  9.0791804e-01
  1.7504945e-01
 -9.6018296e-01
 -3.1346700e-01
 -3.8169572e-01
 -1.1487558e+00
 -4.5300621e-01
 -6.2861598e-01
 -2.8339925e-01
 -8.6778289e-01
 -1.2142566e+00
 -2.9650486e-01
  8.8834621e-02
 -1.1309569e+00
  1.9157343e+00
 -5.1821765e-02
 -4.3836600e-01
 -1.4829187e+00
  2.4039960e+00
 -1.7907344e-01
 -1.9012040e+00
 -3.5615745e+00
 -1.8781170e+00
 -3.4944445e-01
 -2.6493270e-02
 -1.8305430e+00
  9.8645233e-02
  2.2734523e+00
 -7.2381544e-01
 -1.0412735e-01
 -2.2819493e+00
 -1.5987139e+00
 -2.8525255e+00
 -1.0496719e+00
 -1.8587183e+00
 -1.1300137e+00
  4.9627629e-01
 -7.0856875e-01
 -4.7338375e-01
  1.3811882e-01
 -4.4475490e-01
 -2.8243492e+00
 -8.2291758e-01
 -8.7904650e-01
  1.8446758e+00
 -6.5682596e-01
 -2.8245103e+00
 -1.7259069e-01
  1.4235847e-01
  5.6584984e-01
 -9.5162952e-01
 -1.4284717e+00
 -1.1145513e+00
 -5.5247849e-01
 -7.8438990e-02
 -2.7518635e+00
  1.5310591e+00
  3.1115313e+00
 -1.2128366e+00
 -3.5983184e-01
  1.9627410e+00
  6.5470462e+00
 -5.2479392e-01
 -1.7780974e+00
 -3.3928055e-01
  2.5435269e-01
 -1.5920489e+00
 -2.7578290e+00
 -4.9858794e-02
  3.6155038e-02
  5.5920911e-01
 -3.7736306e-01
 -6.1658365e-01
 -7.0030266e-01
 -2.5429411e+00
 -3.9291763e-01
  2.8422052e-01
  1.5820993e+00
  8.1326163e-01
 -7.0678335e-01
 -2.1437874e-01
 -4.2296484e-01
 -1.2467021e-01
  3.5023680e-01
  1.0208834e+00
 -2.3642747e-01
 -3.0604858e+00
 -2.7665443e+00
 -2.3567635e-01
 -3.1803570e+00
  1.1177871e+00
  1.8945112e+00
  1.9962931e-01
  2.4465942e+00
  3.2103589e+00
  3.9287498e+00
  3.8735527e-01
  3.6065016e+00
  6.2249339e-01
 -1.6202523e-01
 -8.3977215e-02
  5.7182992e-01
 -1.0170220e+00
 -6.6950902e-02
  5.6937116e-01
  1.1264486e-01
 -4.6147889e-01
  5.9930873e-01
  5.1922488e-01
  2.4163434e-01
 -1.2300896e-01
  5.4358220e-01
  1.7486247e-01
 -4.7729886e-01
  1.4017402e+00
  1.7958351e+00
  1.2135435e+00
  4.3066362e-01
  1.3602977e+00
 -4.3581966e-02
 -8.4398789e-03
 -8.1409019e-01
 -9.0455306e-01
  2.4682217e+00
  1.4256730e+00
  1.9186398e+00
  6.5729481e-01
  1.1292690e+00
  1.3990982e+00
  1.8321812e+00
 -3.6584911e-01
 -1.7521460e+00
  3.6575869e-02
  8.5899276e-01
 -1.0690910e+00
 -1.2846969e+00
  2.4950449e-01
  6.5232837e-01
 -1.3964811e-01
 -5.3048474e-01
  9.1627035e-03
 -5.2685767e-01
  2.1898642e-01
 -1.3656992e+00
  1.9483748e-01
  1.1240122e+00
  3.7436372e-01
 -1.2682875e+00
  9.0787709e-01
  2.0592418e+00
  4.9403411e-01
  7.2250879e-01
  2.5601754e-01
 -8.2717389e-01
 -9.2215002e-01
 -8.1149137e-01
 -2.4498029e-02
  1.2770355e-01
  6.3214672e-01
  7.2475851e-01
  1.3373783e-01
 -1.0313575e+00
 -6.7776132e-01
 -4.5830896e-01
  2.0965040e+00
  1.1813138e+00
 -1.9464542e-01
  2.0064273e-01
  4.5906961e-01
 -9.0469390e-01
  7.3836517e-01
 -2.6322678e-01
 -2.4994547e+00
  1.6694939e+00
 -3.6377206e-01
 -5.7114249e-01
 -8.0804485e-01
  1.1074210e+00
 -7.5841449e-02
  1.3142651e-01
 -1.4182574e-01
 -2.1548706e-01
 -1.7241161e-01
  5.8591533e-03
  1.6583568e+00
  3.8056534e-02
  6.3408896e-02
  2.1794492e-01
 -1.0596319e+00
  1.8871789e-01
  3.7194154e+00
 -7.7290763e-03
 -2.2787333e-01
 -1.0546362e+00
 -1.1081790e+00
 -1.2839121e-02
  1.1992154e+00
  1.3706448e+00
  7.7329504e-01
  1.8680544e-01
 -1.7983319e+00
 -9.1069198e-01
  1.5866613e+00
 -1.9351770e-03
  6.4349097e-01
 -6.1471440e-02
  5.5745792e-01
  3.3379114e-01
  9.9519795e-01
 -6.0463828e-01
  1.1015070e-01
  1.4638119e+00
  4.9115586e-01
 -6.6896826e-01
 -1.1985570e+00
 -8.5064121e-02
 -3.3258781e-01
 -4.1720110e-01
  2.3284337e-01
  9.1833115e-02
  2.9924744e-01
  9.7859226e-02
 -9.8997235e-01
 -8.2966799e-01
 -7.7171326e-01
 -7.0904955e-02
 -1.2593466e+00
 -4.3841049e-02
 -6.8877846e-02
 -2.0243439e-01
  9.8907101e-01
  2.2976311e-02
  9.5515555e-01
  3.3182013e-01
  1.6111500e+00
  1.5798317e-01
  1.6181369e-01
 -3.6976856e-01
 -1.3302906e+00
 -5.6118991e-02
 -6.9263601e-01
  7.0645332e-01
  1.1453839e-01
  7.6565355e-01
  1.1229200e+00
 -2.5206295e-01
 -1.4418995e+00
 -5.7765871e-01
 -1.0883633e+00
 -1.4877734e+00
  2.6447808e-03
  2.5386518e-02
 -4.4209760e-01
  1.3109896e-01
 -2.5084786e-02
 -7.3918566e-02
 -8.2098705e-01
  1.4555848e-01
  3.0086923e-02
  3.0086923e-02
  3.0086923e-02
  3.0086923e-02
  3.0086923e-02
  2.0425856e-01
  2.0425856e-01
  2.0425856e-01
  2.0425856e-01
  2.0425856e-01
  1.6406114e-01
  1.6406114e-01
  1.6406114e-01
  1.6406114e-01
  1.6406114e-01
  5.0968606e-02
  5.0968606e-02
  5.0968606e-02
  5.0968606e-02
  5.0968606e-02
  2.4792863e-02
  2.4792863e-02
  2.4792863e-02
  2.4792863e-02
  2.4792863e-02
  1.7113474e-01
  1.7113474e-01
  1.7113474e-01
  1.7113474e-01
  1.7113474e-01
  8.9403339e-02
  8.9403339e-02
  8.9403339e-02
  8.9403339e-02
  8.9403339e-02
